2 2 1557532813
2 3 1557532815
2 4 1557532816
2 5 1557532816
2 6 1557532817
2 7 1557532817
2 8 1557532819
2 9 1557532820
2 10 1557532820
2 11 1557532822
2 12 1557532822
2 13 1557532824
2 14 1557532824
2 15 1557532824
2 16 1557532824
2 17 1557532824
2 18 1557532825
2 19 1557532825
2 20 1557532826
2 21 1557532826
2 22 1557532827
2 23 1557532827
2 24 1557532828
2 25 1557532829
2 26 1557532829
2 27 1557532830
2 28 1557532831
2 29 1557532831
2 30 1557532831
2 31 1557532832
2 32 1557532832
2 33 1557532835
2 34 1557532835
2 35 1557532836
2 36 1557532837
2 37 1557532837
2 38 1557532839
2 39 1557532840
2 40 1557532840
2 41 1557532840
2 42 1557532841
2 43 1557532842
2 44 1557532845
2 45 1557532846
2 46 1557532846
2 47 1557532846
2 48 1557532849
2 49 1557532849
2 50 1557532852
2 51 1557532853
2 52 1557532856
2 53 1557532862
2 54 1557532863
2 55 1557532864
2 56 1557532864
2 57 1557532864
2 58 1557532871
2 59 1557532874
2 60 1557532876
2 61 1557532878
2 62 1557532879
2 63 1557532880
2 64 1557532880
2 65 1557532881
2 66 1557532883
2 67 1557532885
2 68 1557532888
2 69 1557532888
2 70 1557532895
2 71 1557532897
2 72 1557532903
2 73 1557532903
2 74 1557532904
2 75 1557532904
2 76 1557532906
2 77 1557532907
2 78 1557532909
2 79 1557532914
2 80 1557532917
2 81 1557532918
2 82 1557532919
2 83 1557532921
2 84 1557532921
2 85 1557532924
2 86 1557532928
2 87 1557532931
2 88 1557532933
2 89 1557532946
2 90 1557532950
2 91 1557532954
2 92 1557532956
2 93 1557532960
2 94 1557532964
2 95 1557532972
2 96 1557532973
2 97 1557532975
2 98 1557532978
2 99 1557532978
2 100 1557532979
2 101 1557532981
2 102 1557532986
2 103 1557532989
2 104 1557532995
2 105 1557533001
2 106 1557533002
2 107 1557533002
2 108 1557533005
2 109 1557533007
2 110 1557533020
2 111 1557533028
2 112 1557533030
2 113 1557533034
2 114 1557533038
2 115 1557533041
2 116 1557533041
2 117 1557533042
2 118 1557533046
2 119 1557533056
2 120 1557533067
2 121 1557533074
2 122 1557533098
2 123 1557533100
2 124 1557533105
2 125 1557533106
2 126 1557533116
2 127 1557533118
2 128 1557533127
2 129 1557533129
2 130 1557533129
2 131 1557533131
2 132 1557533135
2 133 1557533143
2 134 1557533147
2 135 1557533153
2 136 1557533158
2 137 1557533161
2 138 1557533165
2 139 1557533167
2 140 1557533168
2 141 1557533170
2 142 1557533181
2 143 1557533185
2 144 1557533189
2 145 1557533193
3 17 1557533199
2 146 1557533201
2 147 1557533211
2 148 1557533224
2 149 1557533225
2 150 1557533227
2 151 1557533230
2 152 1557533232
2 153 1557533241
2 154 1557533253
2 155 1557533256
2 156 1557533261
2 157 1557533268
2 158 1557533279
3 4 1557533286
2 159 1557533286
2 160 1557533287
2 161 1557533305
2 162 1557533308
3 48 1557533311
2 163 1557533318
3 13 1557533326
3 7 1557533334
2 164 1557533337
3 76 1557533346
2 165 1557533349
3 22 1557533356
2 166 1557533359
2 167 1557533368
2 168 1557533375
2 169 1557533383
2 170 1557533385
2 171 1557533392
2 172 1557533414
2 173 1557533414
2 174 1557533419
2 175 1557533422
2 176 1557533422
2 177 1557533425
3 153 1557533428
2 178 1557533439
2 179 1557533450
2 180 1557533453
2 181 1557533459
2 182 1557533463
2 183 1557533464
2 184 1557533470
3 94 1557533473
2 185 1557533475
2 186 1557533478
2 187 1557533479
3 68 1557533485
2 188 1557533488
3 130 1557533514
2 189 1557533518
2 190 1557533525
2 191 1557533526
2 192 1557533529
2 193 1557533540
2 194 1557533542
3 139 1557533557
3 25 1557533571
2 195 1557533572
3 12 1557533574
3 66 1557533581
2 196 1557533586
3 15 1557533590
3 3 1557533598
3 33 1557533607
2 197 1557533616
3 34 1557533623
2 198 1557533638
2 199 1557533640
2 200 1557533641
2 201 1557533642
2 202 1557533646
2 203 1557533654
3 52 1557533658
2 204 1557533681
2 205 1557533682
3 31 1557533684
2 206 1557533697
3 58 1557533698
2 207 1557533699
2 208 1557533700
3 43 1557533708
2 209 1557533717
2 210 1557533729
3 6 1557533740
3 10 1557533741
3 40 1557533756
2 211 1557533762
3 23 1557533764
2 212 1557533771
2 213 1557533772
3 18 1557533774
2 214 1557533779
2 215 1557533780
2 216 1557533794
2 217 1557533796
2 218 1557533832
2 219 1557533841
3 41 1557533848
2 220 1557533855
2 221 1557533874
2 222 1557533879
2 223 1557533881
2 224 1557533892
2 225 1557533926
2 226 1557533927
2 227 1557533929
3 155 1557533932
3 108 1557533939
2 228 1557533949
2 229 1557533957
3 16 1557533962
2 230 1557533962
2 231 1557533965
2 232 1557533967
2 233 1557533970
2 234 1557533971
2 235 1557533985
2 236 1557533989
2 237 1557534016
3 49 1557534023
3 2 1557534027
2 238 1557534031
3 126 1557534071
2 239 1557534074
2 240 1557534100
2 241 1557534104
2 242 1557534111
3 19 1557534148
2 243 1557534161
3 39 1557534162
3 45 1557534182
2 244 1557534222
3 9 1557534259
2 245 1557534297
3 88 1557534342
2 246 1557534351
2 247 1557534373
3 192 1557534385
3 67 1557534387
2 248 1557534393
3 63 1557534396
2 249 1557534403
2 250 1557534410
2 251 1557534423
3 141 1557534436
2 252 1557534441
2 253 1557534445
3 180 1557534446
3 21 1557534468
2 254 1557534487
2 255 1557534501
2 256 1557534530
2 257 1557534539
3 86 1557534554
2 258 1557534576
3 110 1557534577
2 259 1557534578
3 91 1557534585
3 55 1557534585
2 260 1557534586
3 240 1557534605
3 44 1557534633
2 261 1557534634
2 262 1557534641
2 263 1557534680
2 264 1557534689
3 119 1557534692
2 265 1557534698
3 229 1557534701
3 96 1557534711
2 266 1557534715
3 54 1557534723
2 267 1557534739
2 268 1557534745
3 57 1557534747
2 269 1557534785
2 270 1557534801
2 271 1557534812
2 272 1557534821
2 273 1557534828
3 73 1557534853
2 274 1557534854
3 152 1557534876
2 275 1557534883
3 246 1557534894
2 276 1557534915
2 277 1557534940
2 278 1557534975
2 279 1557534979
3 100 1557535032
2 280 1557535040
3 243 1557535042
2 281 1557535055
2 282 1557535056
2 283 1557535065
2 284 1557535075
2 285 1557535106
2 286 1557535116
3 64 1557535149
3 193 1557535151
3 159 1557535151
2 287 1557535177
3 113 1557535203
2 288 1557535248
2 289 1557535254
2 290 1557535263
4 126 1557535292
2 291 1557535303
2 292 1557535313
2 293 1557535331
3 162 1557535352
2 294 1557535364
2 295 1557535392
4 8 1557535393
4 51 1557535394
3 177 1557535395
3 112 1557535398
3 27 1557535403
2 296 1557535425
2 297 1557535496
2 298 1557535496
3 250 1557535506
3 62 1557535547
3 165 1557535557
3 205 1557535572
5 3 1557535592
2 299 1557535605
2 300 1557535615
2 301 1557535638
2 302 1557535694
2 303 1557535701
3 302 1557535705
2 304 1557535706
2 305 1557535733
2 306 1557535745
4 29 1557535748
2 307 1557535820
3 32 1557535834
2 308 1557535844
2 309 1557535846
3 5 1557535879
3 102 1557535924
2 310 1557535925
3 266 1557535936
2 311 1557535940
2 312 1557535940
3 106 1557535958
3 29 1557536054
2 313 1557536054
3 28 1557536076
2 314 1557536078
4 4 1557536078
2 315 1557536078
3 196 1557536095
2 316 1557536104
2 317 1557536105
3 233 1557536106
2 318 1557536106
2 319 1557536142
2 320 1557536156
2 321 1557536164
2 322 1557536170
4 40 1557536171
2 323 1557536184
2 324 1557536210
3 104 1557536229
3 245 1557536233
3 148 1557536237
3 79 1557536242
2 325 1557536252
2 326 1557536270
2 327 1557536272
3 8 1557536293
3 204 1557536298
2 328 1557536382
2 329 1557536396
2 330 1557536397
4 3 1557536399
2 331 1557536402
2 332 1557536424
2 333 1557536431
3 26 1557536439
3 154 1557536440
3 20 1557536454
4 20 1557536490
2 334 1557536518
2 335 1557536541
2 336 1557536546
3 47 1557536548
2 337 1557536578
3 122 1557536585
2 338 1557536606
2 339 1557536608
4 32 1557536627
2 340 1557536632
2 341 1557536649
2 342 1557536666
4 39 1557536691
3 36 1557536700
2 343 1557536702
2 344 1557536705
2 345 1557536766
4 18 1557536766
2 346 1557536790
5 130 1557536823
5 23 1557536827
2 347 1557536830
2 348 1557536845
3 349 1557536850
5 28 1557536863
2 349 1557536869
2 350 1557536886
2 351 1557536929
2 352 1557536997
3 219 1557537004
2 353 1557537018
2 354 1557537020
2 355 1557537025
5 13 1557537051
4 66 1557537094
2 356 1557537102
2 357 1557537127
2 358 1557537158
3 99 1557537169
3 321 1557537199
4 96 1557537217
3 75 1557537233
4 13 1557537244
2 359 1557537245
2 360 1557537252
3 77 1557537254
4 122 1557537256
2 361 1557537264
3 114 1557537265
2 362 1557537309
3 169 1557537334
3 87 1557537354
3 255 1557537442
2 363 1557537452
2 364 1557537479
2 365 1557537493
2 366 1557537494
2 367 1557537500
2 368 1557537549
2 369 1557537579
3 197 1557537599
2 370 1557537608
2 371 1557537620
2 372 1557537659
2 373 1557537678
2 374 1557537681
2 375 1557537693
5 70 1557537694
5 153 1557537711
2 376 1557537746
3 101 1557537764
2 377 1557537822
4 34 1557537823
3 306 1557537859
2 378 1557537870
4 17 1557537914
3 315 1557537919
2 379 1557537923
2 380 1557537933
2 381 1557537939
2 382 1557537949
2 383 1557537982
4 77 1557538018
3 175 1557538019
2 384 1557538030
2 385 1557538056
2 386 1557538064
2 387 1557538077
5 52 1557538087
2 388 1557538118
3 138 1557538125
3 51 1557538147
3 38 1557538165
3 70 1557538207
3 254 1557538209
2 389 1557538222
2 390 1557538231
2 391 1557538236
3 261 1557538293
2 392 1557538312
5 40 1557538340
3 50 1557538374
2 393 1557538375
5 43 1557538388
2 394 1557538439
2 395 1557538458
2 396 1557538462
2 397 1557538484
2 398 1557538486
2 399 1557538520
2 400 1557538522
4 2 1557538523
5 44 1557538527
4 113 1557538543
2 401 1557538578
4 9 1557538580
2 402 1557538589
3 325 1557538594
2 403 1557538611
2 404 1557538620
2 405 1557538667
2 406 1557538672
2 407 1557538717
3 370 1557538726
3 374 1557538869
3 323 1557538891
2 408 1557538906
2 409 1557538910
3 234 1557538926
5 234 1557538946
3 373 1557538982
2 410 1557539004
2 411 1557539009
2 412 1557539022
4 22 1557539024
2 413 1557539033
4 6 1557539038
3 135 1557539062
2 414 1557539092
2 415 1557539100
2 416 1557539119
3 92 1557539130
2 417 1557539172
2 418 1557539262
5 18 1557539275
2 419 1557539277
2 420 1557539302
2 421 1557539403
2 422 1557539446
2 423 1557539446
2 424 1557539469
2 425 1557539574
2 426 1557539597
3 393 1557539626
5 93 1557539708
2 427 1557539715
2 428 1557539733
3 140 1557539814
2 429 1557539836
2 430 1557539851
3 286 1557539866
4 79 1557539896
2 431 1557539924
2 432 1557539999
4 92 1557540001
3 222 1557540031
2 433 1557540037
2 434 1557540041
2 435 1557540075
2 436 1557540151
2 437 1557540154
3 156 1557540177
2 438 1557540259
3 409 1557540263
4 44 1557540263
3 414 1557540272
3 191 1557540297
2 439 1557540311
3 355 1557540339
2 440 1557540349
2 441 1557540391
2 442 1557540402
2 443 1557540429
5 155 1557540442
3 227 1557540478
2 444 1557540497
3 267 1557540558
2 445 1557540593
2 446 1557540595
2 447 1557540633
3 195 1557540696
2 448 1557540716
2 449 1557540729
3 187 1557540738
3 411 1557540793
3 265 1557540823
2 450 1557540825
2 451 1557540836
2 452 1557540838
2 453 1557540858
2 454 1557540865
3 297 1557540868
4 73 1557540876
3 401 1557540897
2 455 1557540946
2 456 1557541017
3 331 1557541109
2 457 1557541133
3 431 1557541139
4 10 1557541220
2 458 1557541232
2 459 1557541233
2 460 1557541254
3 365 1557541268
5 461 1557541287
2 462 1557541301
2 463 1557541325
2 461 1557541326
3 341 1557541326
5 21 1557541362
4 94 1557541377
6 32 1557541407
2 464 1557541442
4 28 1557541478
2 465 1557541497
3 406 1557541548
2 466 1557541603
2 467 1557541606
2 468 1557541623
4 229 1557541641
2 469 1557541698
2 470 1557541719
2 471 1557541755
2 472 1557541787
2 473 1557541788
2 474 1557541841
4 88 1557541860
4 153 1557541919
4 7 1557541923
5 63 1557541952
2 475 1557542045
2 476 1557542069
3 241 1557542094
2 477 1557542108
2 478 1557542136
2 479 1557542137
3 144 1557542169
2 480 1557542193
2 481 1557542207
2 482 1557542251
5 34 1557542288
3 389 1557542329
2 483 1557542362
2 484 1557542377
2 485 1557542408
2 486 1557542421
2 487 1557542431
2 488 1557542460
2 489 1557542483
2 490 1557542502
2 491 1557542509
5 6 1557542530
2 492 1557542571
3 425 1557542575
2 493 1557542611
7 3 1557542659
2 494 1557542708
4 177 1557542711
2 495 1557542730
3 429 1557542734
2 496 1557542739
3 93 1557542753
2 497 1557542826
2 498 1557542836
3 437 1557542883
2 499 1557542905
4 41 1557542990
2 500 1557543001
2 501 1557543011
3 172 1557543047
3 480 1557543135
2 502 1557543188
2 503 1557543196
2 504 1557543231
3 214 1557543278
3 500 1557543366
3 458 1557543414
3 14 1557543419
2 505 1557543431
2 506 1557543471
2 507 1557543509
2 508 1557543551
2 509 1557543686
2 510 1557543704
2 511 1557543738
2 512 1557543746
2 513 1557543780
2 514 1557543808
3 185 1557543815
3 228 1557543970
4 207 1557543978
5 140 1557544033
3 395 1557544063
2 515 1557544105
2 516 1557544115
2 517 1557544119
2 518 1557544123
5 32 1557544125
2 519 1557544133
2 520 1557544137
2 521 1557544152
2 522 1557544243
2 523 1557544295
2 524 1557544320
4 119 1557544323
2 525 1557544388
3 440 1557544406
2 526 1557544409
2 527 1557544411
5 92 1557544431
2 528 1557544460
5 29 1557544519
2 529 1557544523
3 273 1557544545
4 58 1557544546
2 530 1557544630
5 204 1557544664
2 531 1557544705
3 194 1557544769
2 532 1557544779
2 533 1557544806
2 534 1557544905
2 535 1557544947
2 536 1557544955
3 136 1557545009
2 537 1557545029
2 538 1557545071
4 93 1557545073
2 539 1557545117
2 540 1557545206
2 541 1557545233
3 523 1557545255
3 115 1557545265
2 542 1557545302
2 543 1557545335
2 544 1557545378
2 545 1557545403
2 546 1557545421
3 516 1557545437
2 547 1557545449
5 4 1557545477
2 548 1557545491
2 549 1557545509
3 520 1557545540
2 550 1557545543
2 551 1557545676
3 231 1557545726
2 552 1557545743
3 539 1557545932
3 549 1557545996
3 379 1557545999
2 553 1557546036
2 554 1557546047
3 514 1557546075
2 555 1557546124
3 444 1557546170
2 556 1557546171
3 134 1557546224
2 557 1557546229
2 558 1557546298
2 559 1557546343
3 410 1557546364
2 560 1557546520
2 561 1557546534
4 204 1557546575
4 323 1557546704
4 91 1557546785
2 562 1557546788
3 552 1557546823
5 79 1557546866
2 563 1557546878
2 564 1557546880
2 565 1557547112
2 566 1557547125
2 567 1557547190
3 467 1557547204
2 568 1557547241
3 517 1557547281
4 52 1557547406
2 569 1557547421
2 570 1557547554
4 70 1557547725
4 45 1557547734
3 117 1557547740
2 571 1557547830
2 572 1557547882
2 573 1557547899
2 574 1557547900
4 21 1557548047
3 56 1557548053
2 575 1557548058
2 576 1557548059
4 140 1557548101
2 577 1557548106
4 115 1557548106
4 75 1557548106
2 578 1557548132
2 579 1557548264
2 580 1557548356
2 581 1557548622
2 582 1557548654
2 583 1557548673
2 584 1557548761
2 585 1557548846
2 586 1557548856
2 587 1557548857
3 150 1557548875
3 283 1557548896
2 588 1557548927
2 589 1557548934
2 590 1557548943
2 591 1557548962
2 592 1557549052
2 593 1557549074
2 594 1557549152
3 559 1557549152
2 595 1557549188
3 508 1557549247
3 60 1557549275
4 493 1557549336
5 144 1557549404
4 33 1557549518
3 84 1557549552
2 596 1557549566
3 358 1557549632
2 597 1557549660
2 598 1557549728
2 599 1557549760
2 600 1557549794
3 567 1557549808
2 601 1557549856
2 602 1557550105
2 603 1557550268
2 604 1557550280
2 605 1557550300
7 13 1557550328
2 606 1557550385
2 607 1557550423
3 201 1557550428
2 608 1557550438
4 609 1557550461
3 589 1557550515
2 610 1557550537
2 611 1557550560
2 612 1557550595
3 557 1557550673
2 613 1557550677
2 609 1557550698
3 35 1557550890
2 614 1557550942
5 99 1557551064
2 615 1557551069
2 616 1557551150
3 587 1557551249
2 617 1557551262
2 618 1557551290
5 88 1557551423
2 619 1557551575
2 620 1557551596
2 621 1557551693
2 622 1557551773
2 623 1557551844
3 584 1557551851
2 624 1557551865
2 625 1557551870
2 626 1557551889
2 627 1557551917
2 628 1557552091
2 629 1557552149
3 609 1557552226
3 418 1557552255
3 207 1557552270
2 630 1557552321
5 267 1557552682
2 631 1557552813
2 632 1557552868
5 405 1557552875
2 633 1557552914
5 419 1557552953
2 634 1557553046
2 635 1557553050
4 108 1557553051
3 494 1557553059
2 636 1557553070
2 637 1557553127
2 638 1557553209
3 544 1557553283
3 605 1557553290
2 639 1557553443
2 640 1557553452
2 641 1557553548
2 642 1557553582
2 643 1557553595
2 644 1557553602
2 645 1557553626
2 646 1557553671
5 45 1557553704
2 647 1557553759
2 648 1557553775
2 649 1557553784
3 310 1557553865
2 650 1557553877
2 651 1557553896
2 652 1557554017
3 594 1557554063
2 653 1557554132
2 654 1557554154
2 655 1557554180
2 656 1557554282
7 18 1557554291
2 657 1557554335
3 637 1557554421
3 596 1557554426
2 658 1557554446
2 659 1557554452
2 660 1557554452
2 661 1557554487
3 618 1557554509
4 341 1557554538
2 662 1557554632
2 663 1557554656
2 664 1557554723
2 665 1557554734
3 238 1557554737
3 375 1557554740
2 666 1557554797
2 667 1557554823
3 641 1557554831
2 668 1557554899
2 669 1557554911
7 29 1557554953
3 593 1557555043
2 670 1557555142
2 671 1557555159
2 672 1557555268
2 673 1557555287
2 674 1557555290
7 34 1557555326
2 675 1557555367
2 676 1557555430
2 677 1557555471
7 32 1557555510
2 678 1557555511
3 679 1557555641
2 680 1557555668
2 681 1557555686
2 682 1557555717
7 77 1557555880
2 683 1557555912
2 684 1557556010
5 113 1557556087
2 685 1557556178
2 686 1557556224
3 330 1557556351
2 687 1557556361
2 688 1557556415
2 689 1557556473
2 690 1557556488
2 691 1557556714
3 142 1557556782
2 692 1557556798
2 693 1557556887
4 564 1557556903
2 694 1557556906
2 695 1557556911
4 585 1557556953
3 667 1557557009
2 696 1557557084
2 697 1557557112
2 698 1557557148
3 372 1557557166
5 172 1557557182
3 291 1557557272
2 699 1557557315
3 670 1557557357
2 700 1557557400
2 701 1557557442
2 702 1557557615
2 703 1557557689
2 704 1557557698
2 705 1557557741
2 706 1557557828
2 707 1557557911
2 708 1557557976
5 297 1557558012
2 709 1557558019
2 710 1557558063
3 636 1557558133
4 99 1557558165
2 711 1557558734
2 712 1557558817
2 713 1557558854
3 72 1557558869
4 234 1557558870
2 714 1557558884
2 715 1557558897
2 716 1557559028
2 717 1557559031
3 590 1557559082
3 225 1557559089
2 718 1557559104
2 719 1557559109
2 720 1557559128
3 601 1557559130
2 721 1557559155
4 336 1557559176
2 722 1557559232
2 723 1557559300
2 724 1557559312
2 725 1557559396
2 726 1557559510
2 727 1557559634
5 2 1557559653
2 728 1557559847
2 729 1557559887
2 730 1557559950
2 731 1557560091
3 698 1557560261
7 28 1557560261
2 732 1557560283
2 733 1557560395
3 548 1557560427
5 58 1557560453
5 429 1557560506
7 66 1557560507
3 701 1557560522
2 734 1557560617
2 735 1557560672
2 736 1557560688
2 737 1557560833
2 738 1557560881
2 739 1557560995
3 691 1557561001
2 740 1557561076
2 741 1557561228
2 742 1557561287
2 743 1557561305
2 744 1557561350
3 695 1557561421
2 745 1557561510
2 746 1557561539
5 746 1557561579
2 747 1557561627
2 748 1557561677
2 749 1557561718
2 750 1557561758
4 197 1557561787
2 751 1557561800
3 109 1557561835
2 752 1557562015
5 214 1557562065
3 738 1557562069
5 77 1557562158
5 20 1557562171
2 753 1557562191
2 754 1557562238
4 142 1557562259
2 755 1557562291
2 756 1557562324
2 757 1557562388
4 154 1557562492
2 758 1557562528
2 759 1557562599
2 760 1557562614
3 714 1557562627
3 405 1557562653
2 761 1557562726
2 762 1557562778
3 132 1557562892
2 763 1557563035
7 79 1557563238
5 366 1557563354
2 764 1557563497
4 172 1557563529
4 227 1557563538
2 765 1557563539
2 766 1557563679
2 767 1557563700
2 768 1557563713
8 29 1557563715
2 769 1557563752
2 770 1557563846
7 9 1557563847
3 624 1557563864
2 771 1557563978
3 709 1557564097
2 772 1557564182
3 595 1557564344
2 773 1557564391
2 774 1557564520
2 775 1557564564
2 776 1557564579
4 362 1557564639
2 777 1557564698
2 778 1557564935
4 267 1557565015
3 766 1557565025
3 433 1557565054
3 603 1557565126
3 127 1557565155
2 779 1557565156
2 780 1557565243
2 781 1557565349
2 782 1557565417
3 774 1557565718
2 783 1557565737
2 784 1557565765
3 785 1557565812
2 785 1557565882
2 786 1557565899
3 501 1557565912
3 770 1557565934
2 787 1557566108
3 564 1557566134
3 419 1557566143
4 100 1557566414
2 788 1557566466
2 789 1557566480
2 790 1557566482
2 791 1557566502
2 792 1557566518
4 144 1557566524
2 793 1557566546
2 794 1557566585
2 795 1557566762
2 796 1557566795
3 224 1557566809
7 234 1557566864
2 797 1557566892
3 242 1557566964
2 798 1557567026
4 707 1557567050
2 799 1557567183
2 800 1557567234
2 801 1557567261
3 702 1557567299
2 802 1557567418
2 803 1557567448
2 804 1557567495
2 805 1557567498
3 739 1557567571
2 806 1557567646
2 807 1557567699
2 808 1557567727
2 809 1557567769
3 707 1557567804
2 810 1557567850
2 811 1557567885
2 812 1557567985
2 813 1557568011
3 757 1557568015
4 755 1557568203
2 814 1557568250
2 815 1557568290
2 816 1557568305
3 788 1557568424
2 817 1557568429
2 818 1557568452
3 799 1557568533
2 819 1557568666
2 820 1557568670
3 755 1557568735
2 821 1557568862
4 132 1557568932
2 822 1557569095
2 823 1557569231
2 824 1557569260
2 825 1557569338
4 494 1557569359
3 813 1557569477
2 826 1557569634
2 827 1557569639
2 828 1557569771
2 829 1557569785
3 347 1557569799
2 830 1557569897
2 831 1557569929
5 91 1557569971
2 832 1557569972
8 34 1557570002
2 833 1557570200
2 834 1557570217
2 835 1557570380
2 836 1557570746
2 837 1557570748
2 838 1557571028
3 690 1557571163
2 839 1557571217
7 40 1557571296
2 840 1557571333
2 841 1557571342
3 789 1557571440
2 842 1557571543
2 843 1557571547
9 3 1557571619
2 844 1557571696
2 845 1557571749
10 40 1557571858
2 846 1557571870
3 407 1557572015
3 786 1557572109
3 421 1557572222
10 32 1557572267
4 603 1557572451
2 847 1557572498
2 848 1557572614
2 849 1557572675
2 850 1557572767
2 851 1557572812
2 852 1557572860
2 853 1557572905
2 854 1557572909
3 710 1557572971
7 113 1557573159
2 855 1557573164
5 10 1557573183
3 843 1557573238
2 856 1557573251
2 857 1557573252
2 858 1557573339
3 168 1557573414
2 859 1557573441
2 860 1557573485
3 59 1557573497
2 861 1557573552
2 862 1557573713
2 863 1557573953
2 864 1557573953
2 865 1557573980
3 754 1557574129
2 866 1557574136
2 867 1557574363
4 14 1557574369
2 868 1557574376
2 869 1557574478
2 870 1557574639
3 851 1557574770
10 34 1557574838
2 871 1557574840
2 872 1557574882
10 113 1557574949
5 39 1557575027
2 873 1557575113
2 874 1557575144
3 103 1557575259
2 875 1557575422
2 876 1557575479
3 694 1557575589
4 297 1557575633
2 877 1557575651
10 419 1557575713
10 229 1557575746
3 864 1557575859
2 878 1557575904
3 83 1557575942
5 132 1557576054
2 879 1557576195
2 880 1557576233
2 881 1557576268
2 882 1557576305
4 104 1557576328
2 883 1557576356
3 368 1557576376
3 486 1557576575
2 884 1557576599
5 36 1557576667
4 756 1557576667
10 341 1557576745
2 885 1557576774
9 34 1557576777
8 91 1557576848
3 848 1557576849
2 886 1557576877
2 887 1557576920
2 888 1557576955
2 889 1557577078
5 96 1557577110
2 890 1557577158
10 29 1557577213
2 891 1557577221
2 892 1557577253
2 893 1557577471
10 66 1557577558
2 894 1557577610
2 895 1557577736
3 30 1557577760
3 740 1557577809
2 896 1557577818
2 897 1557577881
3 872 1557577938
2 898 1557577980
2 899 1557578177
2 900 1557578308
2 901 1557578440
2 902 1557578454
2 903 1557578455
11 79 1557578490
2 904 1557578497
2 905 1557578539
2 906 1557578688
10 494 1557578732
3 818 1557579218
3 145 1557579250
10 609 1557579282
4 31 1557579310
2 907 1557579431
2 908 1557579646
3 468 1557579652
2 909 1557579656
3 820 1557579767
2 910 1557579819
2 911 1557580075
2 912 1557580084
2 913 1557580145
3 611 1557580160
2 914 1557580401
2 915 1557580579
10 51 1557580590
5 41 1557580798
3 904 1557580799
4 414 1557580813
10 17 1557580886
3 566 1557580916
2 916 1557580954
2 917 1557580994
2 918 1557581165
10 122 1557581225
3 835 1557581262
2 919 1557581270
12 32 1557581325
2 920 1557581398
2 921 1557581437
3 521 1557581571
2 922 1557581735
2 923 1557581786
7 92 1557581787
2 924 1557581878
10 231 1557581916
2 925 1557581929
12 6 1557582065
2 926 1557582090
7 153 1557582119
2 927 1557582253
3 210 1557582314
2 928 1557582406
10 267 1557582473
3 906 1557582549
12 13 1557582608
12 29 1557582752
2 929 1557582814
3 930 1557582879
3 853 1557582903
2 930 1557582940
12 34 1557582951
3 217 1557583012
12 585 1557583022
2 931 1557583098
2 932 1557583163
2 933 1557583173
5 19 1557583175
5 238 1557583202
2 934 1557583271
2 935 1557583275
2 936 1557583344
2 937 1557583468
10 28 1557583476
9 32 1557583655
3 798 1557583795
10 180 1557583813
5 126 1557583837
2 938 1557583843
10 77 1557583862
5 9 1557583908
2 939 1557583950
2 940 1557584050
2 941 1557584199
10 126 1557584202
2 942 1557584241
10 13 1557584284
2 943 1557584297
2 944 1557584358
2 945 1557584494
5 27 1557584540
12 18 1557584615
2 946 1557584719
10 20 1557584721
12 341 1557585084
2 947 1557585084
3 817 1557585259
3 756 1557585284
2 948 1557585327
10 14 1557585401
10 234 1557585517
12 96 1557585521
10 654 1557585534
12 126 1557585551
2 949 1557585623
3 933 1557585628
10 92 1557585694
3 950 1557585779
4 162 1557585813
12 113 1557585889
2 951 1557585919
2 952 1557585947
2 953 1557585971
12 92 1557586056
12 609 1557586059
2 954 1557586065
4 338 1557586089
5 17 1557586137
2 955 1557586217
3 90 1557586345
2 956 1557586528
3 46 1557586625
11 34 1557586664
10 39 1557586719
2 957 1557586750
5 414 1557587182
2 958 1557587275
2 959 1557587304
7 10 1557587414
10 2 1557587506
12 66 1557587767
2 960 1557587818
2 961 1557588174
2 962 1557588281
2 963 1557588281
2 964 1557588336
2 965 1557588481
10 93 1557588581
12 22 1557588589
7 122 1557588594
12 14 1557588624
2 966 1557588648
10 140 1557588693
2 967 1557588700
2 968 1557588722
2 969 1557588722
12 17 1557588774
2 970 1557588928
2 971 1557588947
3 913 1557588993
3 627 1557589003
3 857 1557589061
3 951 1557589075
2 972 1557589133
2 973 1557589263
12 36 1557589285
12 7 1557589439
12 93 1557589525
2 974 1557589548
2 975 1557589646
2 976 1557589685
3 964 1557589704
2 977 1557589744
2 978 1557589746
12 234 1557589768
12 419 1557589831
4 128 1557589906
12 603 1557590104
12 83 1557590175
12 45 1557590295
2 979 1557590324
8 341 1557590345
2 980 1557590371
3 314 1557590456
3 281 1557590580
2 981 1557590584
7 7 1557590780
12 75 1557590850
10 18 1557590963
12 21 1557591049
12 79 1557591118
10 336 1557591156
2 982 1557591217
4 85 1557591218
10 73 1557591234
12 88 1557591478
4 789 1557591494
2 983 1557591744
3 970 1557591754
3 158 1557591841
2 984 1557591917
2 985 1557591920
2 986 1557591974
2 987 1557592037
2 988 1557592174
10 75 1557592232
12 227 1557592353
4 27 1557592378
2 989 1557592382
7 27 1557592775
13 77 1557592963
2 990 1557593076
5 119 1557593315
12 501 1557593444
2 991 1557593460
3 800 1557593539
4 180 1557593551
12 39 1557593566
4 231 1557593587
2 992 1557593662
2 993 1557593677
5 967 1557593679
2 994 1557593964
2 995 1557593980
2 996 1557593997
2 997 1557594008
5 603 1557594040
2 998 1557594311
7 75 1557594330
2 999 1557594406
2 1000 1557594457
2 1001 1557594574
2 1002 1557594632
2 1003 1557594721
3 211 1557594846
2 1004 1557595015
7 860 1557595061
2 1005 1557595145
10 468 1557595236
12 20 1557595374
3 893 1557595557
2 1006 1557595581
4 5 1557595663
2 1007 1557595752
2 1008 1557595894
2 1009 1557595907
3 914 1557595959
2 1010 1557596077
8 18 1557596156
2 1011 1557596161
10 9 1557596259
2 1012 1557596295
13 83 1557596478
3 198 1557596486
2 1013 1557596612
2 1014 1557596721
7 564 1557596776
5 215 1557596972
4 36 1557597072
2 1015 1557597361
13 153 1557597374
4 67 1557597471
2 1016 1557597550
2 1017 1557597731
2 1018 1557597769
4 286 1557597814
13 32 1557597824
2 1019 1557597977
2 1020 1557598016
12 51 1557598132
2 1021 1557598478
3 854 1557598641
12 297 1557598725
5 14 1557598805
2 1022 1557598814
2 1023 1557598985
4 112 1557598998
12 28 1557599198
2 1024 1557599339
12 240 1557599350
4 242 1557599351
2 1025 1557599365
5 66 1557599449
2 1026 1557599528
2 1027 1557599618
10 7 1557599751
2 1028 1557599754
2 1029 1557599806
2 1030 1557599834
10 6 1557599901
3 713 1557600078
3 896 1557600144
2 1031 1557600480
2 1032 1557600562
2 1033 1557600632
3 293 1557600708
12 9 1557600799
2 1034 1557600862
2 1035 1557601094
10 96 1557601124
2 1036 1557601172
10 79 1557601200
2 1037 1557601218
3 382 1557601251
2 1038 1557601270
10 45 1557601290
2 1039 1557601349
3 1033 1557601461
3 1030 1557601741
3 1026 1557601751
4 517 1557601779
13 13 1557601876
4 83 1557602095
2 1040 1557602170
2 1041 1557602346
2 1042 1557602406
3 1035 1557602507
10 21 1557602901
3 944 1557602945
2 1043 1557603129
3 278 1557603151
2 1044 1557603198
10 585 1557603237
12 122 1557603403
2 1045 1557603436
2 1046 1557603436
5 83 1557603559
2 1047 1557603593
3 1043 1557603754
3 1034 1557603903
10 460 1557604256
5 22 1557604429
2 1048 1557604557
3 1047 1557604643
2 1049 1557604698
13 29 1557605125
11 564 1557605168
2 1050 1557605454
2 1051 1557605457
2 1052 1557605528
2 1053 1557605549
2 1054 1557605605
2 1055 1557605653
13 34 1557605805
2 1056 1557605846
3 1053 1557605856
10 48 1557606051
2 1057 1557606126
2 1058 1557606258
3 692 1557606277
2 1059 1557606359
2 1060 1557606390
2 1061 1557606531
10 23 1557606985
2 1062 1557607073
2 1063 1557607077
5 7 1557607346
2 1064 1557607526
2 1065 1557607527
14 66 1557607662
2 1066 1557607662
12 4 1557607722
13 126 1557607916
2 1067 1557607954
10 603 1557608083
12 231 1557608138
12 40 1557608798
2 1068 1557608810
3 1069 1557609125
2 1069 1557609150
2 1070 1557609271
5 501 1557609408
5 510 1557609436
3 1046 1557609516
3 188 1557609573
2 1071 1557609592
10 3 1557609608
3 493 1557609615
12 3 1557609905
2 1072 1557609986
2 1073 1557610003
10 100 1557610043
3 1007 1557610277
13 10 1557610363
2 1074 1557610393
4 914 1557610457
3 1066 1557610479
2 1075 1557610479
10 1076 1557610491
2 1077 1557610514
2 1078 1557610536
9 603 1557610595
5 318 1557610705
5 33 1557610774
7 14 1557610916
7 31 1557610931
10 564 1557611025
4 265 1557611136
12 31 1557611197
15 51 1557611261
10 414 1557611347
5 227 1557611377
4 19 1557611632
15 3 1557611707
3 1057 1557611853
12 48 1557611993
13 17 1557612282
2 1079 1557612403
11 10 1557612479
13 66 1557612739
7 603 1557612786
7 51 1557612841
3 1075 1557612908
2 1080 1557613128
4 349 1557613549
4 250 1557613669
11 77 1557613921
2 1081 1557613943
2 1082 1557614266
2 1083 1557614578
2 1084 1557614725
15 40 1557614973
3 377 1557615148
2 1085 1557615204
12 77 1557615251
5 86 1557615405
12 56 1557615458
12 774 1557615474
3 1086 1557615825
4 48 1557615968
3 146 1557616449
2 1087 1557616524
5 250 1557616795
2 1088 1557617338
2 1089 1557617664
2 1090 1557617804
7 774 1557617875
2 1091 1557618440
15 32 1557618543
2 1092 1557618670
15 79 1557618687
12 119 1557618748
12 33 1557618860
2 1093 1557619335
12 414 1557619419
12 10 1557619530
2 1094 1557619643
13 39 1557619727
2 1095 1557619783
2 1096 1557619944
10 36 1557619948
2 1097 1557620060
10 132 1557620152
2 1098 1557620339
2 1099 1557620404
3 167 1557620455
2 1100 1557620606
5 196 1557620649
2 1101 1557620849
2 1102 1557620879
13 4 1557621021
2 1103 1557621185
8 162 1557621340
2 1104 1557621533
15 7 1557621814
5 740 1557621891
15 39 1557621942
2 1105 1557621963
2 1106 1557622446
12 52 1557622513
2 1107 1557622591
13 36 1557622656
12 2 1557622766
10 197 1557622840
8 14 1557622958
4 774 1557622996
10 227 1557623078
2 1108 1557623324
2 1109 1557624111
3 1101 1557624202
15 20 1557624249
2 1110 1557624282
2 1111 1557624637
2 1112 1557624723
2 1113 1557624955
2 1114 1557625379
2 1115 1557625488
2 1116 1557625506
11 21 1557626072
10 88 1557626157
7 17 1557626246
13 96 1557626339
2 1117 1557626631
2 1118 1557626664
4 501 1557626737
2 1119 1557627318
3 362 1557627370
12 44 1557627504
10 27 1557627551
2 1120 1557627679
2 1121 1557627820
2 1122 1557627944
2 1123 1557628016
2 1124 1557628195
3 24 1557628289
15 44 1557628318
2 1125 1557628616
2 1126 1557628642
3 85 1557628877
2 1127 1557628952
14 17 1557629002
3 147 1557629053
2 1128 1557629130
2 1129 1557629216
4 16 1557629219
14 3 1557629599
11 32 1557629600
3 1123 1557629614
2 1130 1557629662
9 79 1557630002
2 1131 1557630168
13 564 1557630184
10 115 1557630285
2 1132 1557630404
16 28 1557630545
2 1133 1557630577
2 1134 1557630698
7 83 1557631126
13 88 1557631206
10 814 1557631224
13 2 1557631681
10 357 1557631699
16 13 1557631968
2 1135 1557632043
9 28 1557632488
12 267 1557632550
9 7 1557632973
2 1136 1557633050
2 1137 1557633126
2 1138 1557633242
2 1139 1557633272
13 40 1557633382
16 7 1557633400
3 1060 1557633504
5 5 1557633539
4 23 1557633816
2 1140 1557633875
2 1141 1557634030
2 1142 1557634075
2 1143 1557634093
2 1144 1557634335
2 1145 1557634821
10 362 1557634955
15 93 1557634957
2 1146 1557635338
15 17 1557635484
3 653 1557635644
5 261 1557635658
12 132 1557635708
3 1073 1557635710
12 162 1557636219
4 240 1557636465
8 40 1557636527
2 1147 1557636688
13 28 1557636811
3 1146 1557636839
13 23 1557636942
2 1148 1557637056
3 572 1557637336
15 18 1557637455
2 1149 1557637647
16 4 1557638225
2 1150 1557638378
14 75 1557638744
16 8 1557639128
10 91 1557639189
2 1151 1557639394
2 1152 1557639429
2 1153 1557639555
2 1154 1557639738
16 32 1557639765
16 3 1557639912
2 1155 1557639923
2 1156 1557639988
5 104 1557640160
13 3 1557640309
11 126 1557640350
2 1157 1557640372
2 1158 1557640549
15 4 1557640570
2 1159 1557640788
17 4 1557640842
5 115 1557641057
18 34 1557641450
13 113 1557641484
18 79 1557641499
16 79 1557641503
12 357 1557641672
3 1148 1557641927
18 126 1557642098
4 194 1557642107
12 494 1557642278
10 119 1557642373
18 3 1557642468
2 1160 1557642746
12 8 1557642922
2 1161 1557642987
3 311 1557643211
3 518 1557643258
18 7 1557643258
15 234 1557643381
2 1162 1557643480
2 1163 1557643689
2 1164 1557644233
18 4 1557644574
15 240 1557644630
17 3 1557644650
2 1165 1557644695
9 113 1557644713
18 32 1557644719
18 122 1557645050
9 92 1557645283
16 113 1557645355
18 13 1557645426
14 113 1557645443
18 96 1557645466
18 180 1557645567
16 34 1557645715
2 1166 1557645974
16 18 1557646017
14 34 1557646090
18 29 1557646199
2 1167 1557646458
17 92 1557646564
3 357 1557646739
2 1168 1557646796
2 1169 1557647174
5 365 1557647214
19 79 1557647291
2 1170 1557647397
3 981 1557647451
17 28 1557647593
2 1171 1557647814
3 1171 1557647846
3 708 1557647938
4 222 1557648163
8 66 1557648225
4 165 1557648382
12 210 1557648413
17 29 1557648433
15 28 1557648498
14 7 1557648561
9 153 1557648847
5 207 1557648906
2 1172 1557649064
18 20 1557649356
5 341 1557649435
17 77 1557649463
13 609 1557649477
19 3 1557649515
18 177 1557649594
5 277 1557649678
18 92 1557649825
17 94 1557649878
17 6 1557649980
13 21 1557650362
10 10 1557650373
9 9 1557650801
15 34 1557650901
2 1173 1557650914
5 122 1557651338
20 3 1557651626
10 44 1557651705
15 119 1557651738
4 195 1557651838
3 639 1557651840
4 196 1557651926
11 7 1557652014
18 28 1557652220
18 66 1557652395
16 39 1557652893
3 216 1557653120
13 75 1557653143
11 3 1557653209
3 986 1557653407
10 490 1557653768
17 126 1557653855
2 1174 1557654967
2 1175 1557655011
9 4 1557655100
2 1176 1557655220
2 1177 1557655230
18 609 1557655356
17 119 1557655377
5 714 1557655408
20 40 1557655434
2 1178 1557655436
12 140 1557655492
11 113 1557655532
2 1179 1557655589
2 1180 1557655618
2 1181 1557655663
18 51 1557655691
2 1182 1557655837
5 904 1557655935
2 1183 1557655955
17 21 1557656227
3 1175 1557656392
10 4 1557656424
2 1184 1557656438
2 1185 1557656522
20 96 1557656527
20 113 1557656641
18 113 1557656669
9 234 1557656919
2 1186 1557657183
18 40 1557657258
20 32 1557657391
18 94 1557657555
18 10 1557657558
17 714 1557657633
10 94 1557657658
20 234 1557657714
20 7 1557657914
13 341 1557657973
2 1187 1557657977
9 18 1557658053
2 1188 1557658078
2 1189 1557658111
16 66 1557658138
18 75 1557658403
9 77 1557658417
15 126 1557658551
12 142 1557658621
2 1190 1557658652
3 213 1557659349
2 1191 1557659511
16 29 1557659857
2 1192 1557659935
3 1193 1557660009
16 17 1557660102
16 126 1557660146
2 1194 1557660407
21 7 1557660457
10 177 1557660585
12 27 1557660931
3 476 1557661370
20 819 1557661573
2 1195 1557661615
14 32 1557661642
18 234 1557661712
2 1196 1557661834
20 34 1557661924
18 104 1557662078
10 172 1557662177
18 331 1557662196
14 91 1557662230
22 18 1557662473
2 1197 1557662633
9 126 1557662647
16 92 1557662951
2 1198 1557663354
10 84 1557663525
12 714 1557663533
20 17 1557663728
2 1199 1557663735
18 141 1557663811
18 77 1557663830
18 39 1557664266
13 231 1557664362
15 29 1557664530
17 10 1557664638
15 132 1557664699
21 17 1557664705
10 606 1557664828
3 809 1557664939
21 14 1557665017
18 44 1557665204
18 2 1557665210
2 1200 1557665270
21 113 1557665525
16 93 1557665570
2 1201 1557665747
11 17 1557666264
10 210 1557666490
10 521 1557666614
2 1202 1557666769
2 1203 1557666972
20 122 1557667086
12 521 1557667184
19 113 1557667315
3 1141 1557667578
9 229 1557667691
5 1043 1557667731
13 14 1557667823
12 1043 1557667875
2 1204 1557667893
4 1168 1557668033
10 707 1557668448
2 1205 1557668501
21 34 1557668599
2 1206 1557668764
2 1207 1557668999
2 1208 1557669107
21 66 1557669134
16 77 1557669144
2 1209 1557669195
17 45 1557669488
17 341 1557669592
12 19 1557669618
11 14 1557670004
17 32 1557670253
2 1210 1557670265
18 83 1557670369
17 13 1557670370
2 1211 1557670379
2 1212 1557670385
20 153 1557670390
20 77 1557670394
2 1213 1557670468
20 29 1557670608
17 34 1557670797
5 1093 1557670965
18 59 1557670997
2 1214 1557671149
2 1215 1557671234
14 609 1557671319
10 70 1557671713
2 1216 1557671795
3 814 1557671893
5 1141 1557671929
5 609 1557672054
17 113 1557672088
3 829 1557672290
5 380 1557672324
2 1217 1557672382
5 154 1557672421
18 54 1557672488
2 1218 1557672532
4 56 1557672580
23 17 1557672647
2 1219 1557672670
2 1220 1557672790
16 51 1557672987
7 96 1557673072
18 19 1557673103
2 1221 1557673166
14 83 1557673186
18 17 1557673319
2 1222 1557673583
10 108 1557673630
20 10 1557673855
2 1223 1557674013
20 28 1557674151
2 1224 1557674249
13 58 1557674278
20 13 1557674627
15 19 1557674635
2 1225 1557674837
20 341 1557675028
3 1192 1557675090
18 119 1557675114
15 297 1557675195
10 1226 1557675243
17 66 1557675573
3 1227 1557675800
13 19 1557675861
2 1227 1557675870
23 34 1557675975
20 93 1557676255
24 79 1557676264
2 1228 1557676473
23 113 1557676626
2 1229 1557676633
12 177 1557676720
2 1226 1557676818
3 1090 1557676908
15 96 1557676959
17 177 1557676977
18 23 1557677143
18 88 1557677184
5 177 1557677579
3 1207 1557677747
17 96 1557677909
10 52 1557677917
17 14 1557677973
18 18 1557678158
2 1230 1557678268
2 950 1557678308
10 139 1557678640
9 75 1557678853
10 72 1557678902
21 77 1557678921
13 44 1557679033
19 603 1557679101
24 3 1557679242
4 101 1557679265
2 1231 1557679536
17 93 1557679545
18 6 1557679804
20 92 1557679854
3 1216 1557679935
2 1232 1557680055
7 22 1557680144
2 1233 1557680287
18 140 1557680312
5 357 1557680517
23 29 1557680710
15 113 1557680785
20 41 1557681109
17 79 1557681139
2 1234 1557681148
17 40 1557681161
23 126 1557681500
6 20 1557681521
2 1235 1557681741
19 34 1557681868
6 714 1557681948
21 126 1557682004
6 79 1557682073
6 9 1557682097
6 92 1557682105
17 564 1557682125
6 29 1557682157
6 113 1557682200
6 34 1557682262
6 88 1557682352
6 621 1557682409
6 3 1557682465
18 341 1557682480
3 157 1557682499
18 707 1557682570
10 12 1557682580
13 1043 1557682593
16 564 1557682610
6 13 1557682618
20 23 1557682630
2 1236 1557682643
17 58 1557682705
3 1199 1557682815
6 234 1557682898
6 77 1557682952
6 6 1557682974
6 96 1557682979
23 32 1557683091
11 28 1557683166
6 341 1557683231
6 140 1557683253
23 14 1557683717
23 10 1557683719
13 31 1557683776
2 1237 1557683796
15 14 1557683916
19 7 1557684018
4 214 1557684131
20 6 1557684147
20 126 1557684192
6 229 1557684213
17 51 1557684360
18 603 1557684543
18 231 1557684776
20 140 1557684805
4 127 1557684874
2 1238 1557684929
2 1239 1557684952
6 122 1557684979
6 17 1557685010
10 774 1557685033
6 44 1557685050
6 177 1557685092
6 4 1557685154
5 707 1557685164
6 18 1557685221
6 39 1557685245
2 1240 1557685281
23 3 1557685282
6 40 1557685284
6 609 1557685339
16 9 1557685346
15 414 1557685365
6 7 1557685370
21 91 1557685559
2 1241 1557685570
6 564 1557685689
6 126 1557685712
2 1242 1557685766
6 22 1557685852
3 1242 1557685956
6 36 1557686095
16 83 1557686138
3 1238 1557686146
20 66 1557686257
16 119 1557686415
6 14 1557686707
14 14 1557686709
21 92 1557686759
17 99 1557687038
2 1243 1557687151
3 218 1557687199
17 88 1557687475
2 1244 1557687573
18 714 1557687590
23 122 1557687957
18 297 1557688308
13 51 1557688321
6 52 1557688325
5 637 1557688428
23 79 1557688524
7 36 1557688563
5 311 1557688564
2 1245 1557688589
16 291 1557688647
19 77 1557688744
23 39 1557688825
20 609 1557688886
13 6 1557689164
24 29 1557689274
2 1246 1557689323
3 1246 1557689368
6 10 1557689475
18 414 1557689480
6 23 1557689505
23 13 1557689615
7 1246 1557689621
2 1247 1557689692
5 1246 1557689789
17 19 1557689831
18 86 1557690150
3 585 1557690155
2 1248 1557690265
6 119 1557690434
13 93 1557690505
20 177 1557690910
23 40 1557690942
18 93 1557691063
7 126 1557691199
5 298 1557691220
21 18 1557691240
6 240 1557691398
17 17 1557691486
23 4 1557691767
15 77 1557691908
21 341 1557692022
10 162 1557692275
9 609 1557692417
14 414 1557692556
23 18 1557692704
2 1249 1557693056
4 860 1557693128
4 145 1557693476
18 36 1557693579
15 10 1557693999
13 92 1557694042
2 1250 1557694117
13 99 1557694241
18 58 1557694345
3 1251 1557694396
20 83 1557694415
2 1251 1557694415
18 14 1557694549
6 21 1557694664
24 34 1557694731
23 7 1557694753
21 3 1557694784
15 66 1557694787
4 55 1557694828
20 4 1557694876
3 1119 1557695503
10 709 1557695718
19 9 1557696130
3 298 1557696287
6 99 1557696312
8 860 1557696351
24 32 1557696465
2 1252 1557696498
2 1253 1557696515
18 90 1557696532
23 564 1557696705
6 66 1557696824
20 36 1557696852
15 21 1557696868
24 17 1557696906
12 265 1557696961
4 714 1557697013
16 234 1557697024
21 2 1557697125
25 603 1557697412
23 77 1557697540
12 707 1557697559
10 347 1557697817
16 23 1557697894
21 83 1557697953
20 18 1557698069
4 508 1557698091
16 10 1557698132
12 91 1557698705
9 13 1557698932
6 28 1557699156
13 18 1557699237
10 56 1557699330
23 92 1557699435
3 447 1557699524
22 3 1557699537
20 14 1557699584
9 17 1557699679
18 99 1557699690
17 9 1557700141
3 1236 1557700682
7 4 1557700731
12 564 1557700785
18 564 1557700871
11 603 1557700994
24 13 1557701023
18 22 1557701374
2 1254 1557701586
2 1255 1557701720
18 1246 1557701916
12 23 1557702287
18 31 1557702434
14 92 1557702699
2 1256 1557703479
12 139 1557703981
24 7 1557704021
19 18 1557704286
9 10 1557704396
6 228 1557704419
5 90 1557704527
21 73 1557704588
2 1257 1557704805
21 4 1557704825
23 93 1557704907
23 9 1557704990
9 362 1557705015
16 96 1557705090
9 29 1557705119
11 40 1557705220
16 44 1557705431
