2 2 1589587231
2 3 1589587231
2 4 1589587232
2 5 1589587233
2 6 1589587234
2 7 1589587235
2 8 1589587235
2 9 1589587236
2 10 1589587236
2 11 1589587237
2 12 1589587237
2 13 1589587238
2 14 1589587238
2 15 1589587238
2 16 1589587239
2 17 1589587241
2 18 1589587242
2 19 1589587243
2 20 1589587243
2 21 1589587244
2 22 1589587244
2 23 1589587246
2 24 1589587246
2 25 1589587248
2 26 1589587249
2 27 1589587249
2 28 1589587249
2 29 1589587250
2 30 1589587250
2 31 1589587251
2 32 1589587251
2 33 1589587252
2 34 1589587253
2 35 1589587253
2 36 1589587253
2 37 1589587253
2 38 1589587254
2 39 1589587254
2 40 1589587254
2 41 1589587255
2 42 1589587255
2 43 1589587255
2 44 1589587255
2 45 1589587256
2 46 1589587256
2 47 1589587256
2 48 1589587256
2 49 1589587257
2 50 1589587258
2 51 1589587258
2 52 1589587258
2 53 1589587259
2 54 1589587260
2 55 1589587260
2 56 1589587260
2 57 1589587263
2 58 1589587264
2 59 1589587265
2 60 1589587267
2 61 1589587268
2 62 1589587270
2 63 1589587270
2 64 1589587271
2 65 1589587272
2 66 1589587274
2 67 1589587275
2 68 1589587276
2 69 1589587277
2 70 1589587278
2 71 1589587278
2 72 1589587279
2 73 1589587282
2 74 1589587283
2 75 1589587285
2 76 1589587285
2 77 1589587285
2 78 1589587287
2 79 1589587290
2 80 1589587291
2 81 1589587292
2 82 1589587294
2 83 1589587294
2 84 1589587295
2 85 1589587296
2 86 1589587297
2 87 1589587297
2 88 1589587300
2 89 1589587301
2 90 1589587302
2 91 1589587302
2 92 1589587302
2 93 1589587304
2 94 1589587305
2 95 1589587305
2 96 1589587305
2 97 1589587307
2 98 1589587308
2 99 1589587308
2 100 1589587312
2 101 1589587313
2 102 1589587313
2 103 1589587314
2 104 1589587315
2 105 1589587315
2 106 1589587315
2 107 1589587315
2 108 1589587315
2 109 1589587317
2 110 1589587319
2 111 1589587320
2 112 1589587323
2 113 1589587324
2 114 1589587326
2 115 1589587326
2 116 1589587326
2 117 1589587327
2 118 1589587334
2 119 1589587334
2 120 1589587338
2 121 1589587339
2 122 1589587340
2 123 1589587340
2 124 1589587342
2 125 1589587346
2 126 1589587349
2 127 1589587350
2 128 1589587351
2 129 1589587354
2 130 1589587355
2 131 1589587359
2 132 1589587360
2 133 1589587362
2 134 1589587363
2 135 1589587366
2 136 1589587366
2 137 1589587371
2 138 1589587371
2 139 1589587371
2 140 1589587372
2 141 1589587375
2 142 1589587377
2 143 1589587378
2 144 1589587388
2 145 1589587397
2 146 1589587397
2 147 1589587400
2 148 1589587404
2 149 1589587406
2 150 1589587408
2 151 1589587410
2 152 1589587413
2 153 1589587414
2 154 1589587414
2 155 1589587417
2 156 1589587420
2 157 1589587422
2 158 1589587425
2 159 1589587426
2 160 1589587434
2 161 1589587436
2 162 1589587438
2 163 1589587441
2 164 1589587441
2 165 1589587444
2 166 1589587449
2 167 1589587450
2 168 1589587457
2 169 1589587458
2 170 1589587460
2 171 1589587471
2 172 1589587472
2 173 1589587475
2 174 1589587493
2 175 1589587494
2 176 1589587496
2 177 1589587499
2 178 1589587500
2 179 1589587502
2 180 1589587502
2 181 1589587503
2 182 1589587514
2 183 1589587515
2 184 1589587518
2 185 1589587520
2 186 1589587526
2 187 1589587531
2 188 1589587531
2 189 1589587531
2 190 1589587534
2 191 1589587536
2 192 1589587539
2 193 1589587539
2 194 1589587546
2 195 1589587548
2 196 1589587548
2 197 1589587551
2 198 1589587552
2 199 1589587557
2 200 1589587560
2 201 1589587565
3 4 1589587569
2 202 1589587572
2 203 1589587572
2 204 1589587573
2 205 1589587573
2 206 1589587574
2 207 1589587575
2 208 1589587576
2 209 1589587577
2 210 1589587581
2 211 1589587583
2 212 1589587586
3 5 1589587587
2 213 1589587588
2 214 1589587593
2 215 1589587599
2 216 1589587603
2 217 1589587603
2 218 1589587613
2 219 1589587615
2 220 1589587616
2 221 1589587618
2 222 1589587619
2 223 1589587627
2 224 1589587644
2 225 1589587656
2 226 1589587657
2 227 1589587658
3 6 1589587660
2 228 1589587666
2 229 1589587666
2 230 1589587668
2 231 1589587680
3 12 1589587685
3 25 1589587692
3 8 1589587692
2 232 1589587702
2 233 1589587705
2 234 1589587713
2 235 1589587716
2 236 1589587717
3 9 1589587719
2 237 1589587724
2 238 1589587724
2 239 1589587728
3 24 1589587731
3 19 1589587733
2 240 1589587736
2 241 1589587738
2 242 1589587740
2 243 1589587744
2 244 1589587754
2 245 1589587756
2 246 1589587757
3 33 1589587758
3 65 1589587759
2 247 1589587764
2 248 1589587768
2 249 1589587768
2 250 1589587773
2 251 1589587777
2 252 1589587779
2 253 1589587781
2 254 1589587787
2 255 1589587802
3 256 1589587808
3 13 1589587810
2 257 1589587811
3 22 1589587827
2 258 1589587828
2 256 1589587836
2 259 1589587845
2 260 1589587846
2 261 1589587850
3 2 1589587852
3 44 1589587853
2 262 1589587854
2 263 1589587856
3 11 1589587857
2 264 1589587867
3 129 1589587868
3 126 1589587870
2 265 1589587871
3 62 1589587871
2 266 1589587872
3 98 1589587879
2 267 1589587879
3 7 1589587886
2 268 1589587897
2 269 1589587912
2 270 1589587913
3 3 1589587918
2 271 1589587918
2 272 1589587921
2 273 1589587932
2 274 1589587933
3 113 1589587934
2 275 1589587936
3 17 1589587955
3 70 1589587958
2 276 1589587960
2 277 1589587962
2 278 1589587962
2 279 1589587962
3 51 1589587964
2 280 1589587970
3 234 1589587989
3 30 1589587993
3 37 1589587994
2 281 1589587996
2 282 1589588008
3 28 1589588014
2 283 1589588018
3 223 1589588020
3 202 1589588024
2 284 1589588028
3 20 1589588040
2 285 1589588046
3 286 1589588048
3 152 1589588053
2 287 1589588055
3 67 1589588055
2 288 1589588058
3 10 1589588060
3 16 1589588064
2 289 1589588069
2 290 1589588077
2 291 1589588086
2 292 1589588098
3 75 1589588102
3 84 1589588108
2 293 1589588115
3 109 1589588135
3 107 1589588139
3 97 1589588141
2 294 1589588153
2 295 1589588154
2 296 1589588154
3 15 1589588163
2 297 1589588168
2 298 1589588168
3 180 1589588170
3 103 1589588193
3 49 1589588200
2 299 1589588226
3 130 1589588227
3 187 1589588240
3 218 1589588240
3 300 1589588244
3 121 1589588250
3 18 1589588269
2 301 1589588272
3 114 1589588274
3 41 1589588279
2 286 1589588280
2 302 1589588280
3 146 1589588285
3 39 1589588286
3 95 1589588286
3 27 1589588289
3 150 1589588294
3 63 1589588295
3 208 1589588297
2 303 1589588300
3 14 1589588300
3 91 1589588303
3 166 1589588306
2 304 1589588308
2 300 1589588317
3 74 1589588326
3 101 1589588338
2 305 1589588344
2 306 1589588362
3 36 1589588366
3 85 1589588374
2 307 1589588374
2 308 1589588375
3 147 1589588375
2 309 1589588376
3 221 1589588377
2 310 1589588379
3 86 1589588383
3 108 1589588392
3 310 1589588392
3 216 1589588395
3 137 1589588396
3 184 1589588401
2 311 1589588424
3 115 1589588424
2 312 1589588426
3 43 1589588427
3 195 1589588436
2 313 1589588444
2 314 1589588447
2 315 1589588449
3 50 1589588449
3 104 1589588468
3 143 1589588474
3 111 1589588484
2 316 1589588490
2 317 1589588492
3 144 1589588493
2 318 1589588494
3 276 1589588503
3 80 1589588505
3 64 1589588522
3 94 1589588564
2 319 1589588582
3 183 1589588585
3 157 1589588592
3 68 1589588596
2 320 1589588606
3 23 1589588610
3 191 1589588616
3 87 1589588616
3 58 1589588617
2 321 1589588625
2 322 1589588625
2 323 1589588629
3 125 1589588637
2 324 1589588643
3 89 1589588651
2 325 1589588652
2 326 1589588659
3 271 1589588664
2 327 1589588673
3 38 1589588682
2 328 1589588685
3 233 1589588695
2 329 1589588712
3 118 1589588716
2 330 1589588721
2 331 1589588728
3 140 1589588743
2 332 1589588763
2 333 1589588765
2 334 1589588765
3 204 1589588767
2 335 1589588777
2 336 1589588781
2 337 1589588784
2 338 1589588785
3 227 1589588802
2 339 1589588818
3 90 1589588818
3 340 1589588833
2 341 1589588848
3 135 1589588858
3 148 1589588859
3 292 1589588882
2 342 1589588883
2 343 1589588885
3 45 1589588889
3 309 1589588898
3 206 1589588901
3 246 1589588909
2 344 1589588913
2 345 1589588916
2 346 1589588916
2 347 1589588937
3 93 1589588939
3 345 1589588942
2 348 1589588946
3 186 1589588967
3 210 1589588972
3 164 1589588977
2 349 1589588979
3 158 1589588991
3 59 1589588992
2 350 1589589000
2 351 1589589001
3 352 1589589005
2 353 1589589015
2 352 1589589031
3 253 1589589069
3 175 1589589077
3 31 1589589078
3 83 1589589082
3 219 1589589087
3 139 1589589089
3 69 1589589096
3 55 1589589105
3 321 1589589106
3 285 1589589106
2 354 1589589111
2 355 1589589112
3 40 1589589119
3 283 1589589120
2 356 1589589121
3 272 1589589126
3 56 1589589131
3 215 1589589138
3 79 1589589141
2 357 1589589143
3 78 1589589154
3 235 1589589164
3 303 1589589166
2 358 1589589180
3 26 1589589184
2 359 1589589185
3 156 1589589194
3 200 1589589194
2 360 1589589206
3 167 1589589218
2 361 1589589218
3 155 1589589218
3 273 1589589228
3 290 1589589241
2 362 1589589241
2 363 1589589242
2 364 1589589243
2 365 1589589244
3 228 1589589247
2 366 1589589247
2 367 1589589269
2 368 1589589274
3 61 1589589290
2 369 1589589308
2 370 1589589310
3 371 1589589314
3 284 1589589325
3 142 1589589337
2 372 1589589362
2 371 1589589367
3 52 1589589367
3 141 1589589378
2 373 1589589380
3 171 1589589382
2 374 1589589401
2 375 1589589410
3 254 1589589413
3 189 1589589421
3 339 1589589445
3 296 1589589450
2 376 1589589455
2 377 1589589471
3 317 1589589500
2 378 1589589501
2 379 1589589501
2 380 1589589531
2 381 1589589592
3 54 1589589596
2 382 1589589599
3 383 1589589600
2 384 1589589606
2 385 1589589634
3 134 1589589647
3 209 1589589673
2 386 1589589673
2 387 1589589690
3 274 1589589717
3 106 1589589722
2 388 1589589749
2 389 1589589760
3 267 1589589794
3 263 1589589795
3 251 1589589811
2 390 1589589814
3 185 1589589814
2 391 1589589818
3 35 1589589822
3 354 1589589828
3 261 1589589852
3 201 1589589856
2 392 1589589857
2 393 1589589886
2 394 1589589888
2 395 1589589889
3 241 1589589899
2 396 1589589906
2 397 1589589906
3 293 1589589944
2 398 1589589955
3 237 1589589959
2 399 1589589968
2 400 1589589972
2 383 1589589986
2 401 1589589998
2 402 1589590004
3 304 1589590029
2 403 1589590030
2 404 1589590042
2 405 1589590045
2 406 1589590058
2 407 1589590106
2 408 1589590106
2 409 1589590109
2 340 1589590115
2 410 1589590125
3 410 1589590139
2 411 1589590141
2 412 1589590149
2 413 1589590163
2 414 1589590171
2 415 1589590199
2 416 1589590217
3 192 1589590220
3 138 1589590237
3 110 1589590266
2 417 1589590302
3 343 1589590305
3 179 1589590316
3 122 1589590324
2 418 1589590336
3 322 1589590358
2 419 1589590386
3 376 1589590404
2 420 1589590415
3 377 1589590415
2 421 1589590427
3 226 1589590439
2 422 1589590480
3 48 1589590498
2 423 1589590541
3 324 1589590555
2 424 1589590589
3 99 1589590593
3 222 1589590615
2 425 1589590622
3 211 1589590647
3 154 1589590652
2 426 1589590685
3 349 1589590688
2 427 1589590696
2 428 1589590709
2 429 1589590729
3 236 1589590761
3 412 1589590846
3 413 1589590880
3 332 1589590888
2 430 1589590889
3 280 1589590891
3 385 1589590922
3 406 1589590929
2 431 1589590937
2 432 1589590986
2 433 1589591035
3 182 1589591039
3 350 1589591082
2 434 1589591099
2 435 1589591110
3 249 1589591126
3 327 1589591133
2 436 1589591174
2 437 1589591175
3 390 1589591199
3 149 1589591240
2 438 1589591284
2 439 1589591320
3 389 1589591349
3 342 1589591375
2 440 1589591397
3 305 1589591419
3 159 1589591433
2 441 1589591433
2 442 1589591446
2 443 1589591459
3 245 1589591485
3 220 1589591535
3 341 1589591543
3 116 1589591563
3 367 1589591569
3 370 1589591605
2 444 1589591616
3 323 1589591646
2 445 1589591657
2 446 1589591672
3 197 1589591682
2 447 1589591686
3 358 1589591690
2 448 1589591736
3 415 1589591737
2 449 1589591739
2 450 1589591779
2 451 1589591783
3 451 1589591789
3 190 1589591803
2 452 1589591819
3 403 1589591819
2 453 1589591826
3 401 1589591922
2 454 1589591923
2 455 1589591928
3 416 1589591930
2 456 1589591931
2 457 1589591934
2 458 1589591937
3 437 1589591949
2 459 1589591951
2 460 1589591978
3 373 1589592011
2 461 1589592030
3 430 1589592039
2 462 1589592044
3 419 1589592073
2 463 1589592092
3 362 1589592117
2 464 1589592145
3 255 1589592166
2 465 1589592174
2 466 1589592182
3 364 1589592214
3 441 1589592250
2 467 1589592294
2 468 1589592306
3 173 1589592327
3 388 1589592336
3 356 1589592339
2 469 1589592368
3 440 1589592419
2 470 1589592435
2 471 1589592437
2 472 1589592522
2 473 1589592531
3 474 1589592538
3 178 1589592543
3 96 1589592543
3 449 1589592548
2 475 1589592628
2 476 1589592630
2 477 1589592683
2 478 1589592699
2 479 1589592779
2 480 1589592784
3 330 1589592787
2 481 1589592843
2 482 1589592870
2 483 1589592880
3 337 1589592891
3 384 1589592910
2 484 1589592938
3 257 1589592938
3 457 1589592988
3 128 1589593012
2 485 1589593013
3 270 1589593021
3 450 1589593044
3 486 1589593068
2 487 1589593068
3 153 1589593087
3 92 1589593101
3 488 1589593114
2 489 1589593117
2 486 1589593141
3 88 1589593153
2 490 1589593170
2 491 1589593236
3 369 1589593302
2 492 1589593353
2 493 1589593401
3 471 1589593475
3 402 1589593524
2 494 1589593538
2 495 1589593551
2 488 1589593552
2 496 1589593697
2 497 1589593724
2 498 1589593761
3 288 1589593767
2 499 1589593821
3 499 1589593826
2 500 1589593832
2 501 1589593857
2 502 1589593900
2 503 1589593910
3 386 1589593950
2 504 1589593971
2 505 1589593983
3 464 1589593991
4 234 1589593994
3 230 1589594090
3 485 1589594094
2 506 1589594104
3 29 1589594159
2 507 1589594188
3 124 1589594193
2 508 1589594244
2 509 1589594248
2 510 1589594287
2 511 1589594302
2 512 1589594311
2 513 1589594401
2 514 1589594484
2 515 1589594497
2 516 1589594500
2 517 1589594501
2 518 1589594539
3 374 1589594563
2 519 1589594587
3 505 1589594595
2 520 1589594789
2 521 1589594818
3 71 1589594835
3 381 1589594847
2 522 1589594910
3 302 1589594913
3 523 1589594921
2 524 1589594950
2 525 1589595028
3 516 1589595032
3 400 1589595044
2 526 1589595060
2 527 1589595063
3 397 1589595073
2 528 1589595103
2 529 1589595129
2 530 1589595236
3 467 1589595262
3 512 1589595280
2 531 1589595344
3 117 1589595354
3 475 1589595367
3 532 1589595440
2 533 1589595443
2 534 1589595491
4 19 1589595515
2 535 1589595543
3 442 1589595563
3 460 1589595648
2 536 1589595649
3 536 1589595679
2 537 1589595743
3 444 1589595784
2 538 1589595814
2 539 1589595833
2 540 1589595853
3 348 1589595902
2 541 1589595911
2 542 1589595938
3 529 1589596009
2 543 1589596010
3 495 1589596012
2 544 1589596033
2 545 1589596050
2 546 1589596072
3 418 1589596078
2 532 1589596083
2 547 1589596085
3 498 1589596097
2 548 1589596137
2 549 1589596150
3 262 1589596234
2 550 1589596276
3 260 1589596287
3 549 1589596310
2 551 1589596325
2 552 1589596327
4 12 1589596383
3 177 1589596425
3 325 1589596437
2 553 1589596509
3 496 1589596511
2 554 1589596526
2 555 1589596531
2 556 1589596554
2 557 1589596632
2 558 1589596686
3 484 1589596742
3 250 1589596768
3 542 1589596835
3 521 1589596849
2 559 1589596907
4 5 1589596938
3 112 1589596988
2 560 1589596994
3 333 1589596995
3 409 1589597061
2 561 1589597062
3 481 1589597090
4 4 1589597115
2 562 1589597192
3 225 1589597192
2 563 1589597198
4 11 1589597200
2 564 1589597201
2 565 1589597210
2 566 1589597224
2 567 1589597231
2 568 1589597269
2 569 1589597300
2 570 1589597336
3 238 1589597363
2 571 1589597367
3 392 1589597405
2 572 1589597430
3 514 1589597465
2 573 1589597504
4 17 1589597544
2 574 1589597574
3 534 1589597614
3 160 1589597639
2 575 1589597640
2 576 1589597643
2 577 1589597645
2 578 1589597659
2 579 1589597670
2 580 1589597715
2 581 1589597780
3 311 1589597857
2 582 1589597896
2 583 1589597928
3 553 1589597944
3 502 1589597965
3 492 1589597984
2 584 1589598072
2 585 1589598076
3 483 1589598101
3 60 1589598102
2 586 1589598124
2 587 1589598139
2 588 1589598143
3 510 1589598144
2 589 1589598163
3 338 1589598168
3 559 1589598204
2 590 1589598222
2 591 1589598290
2 592 1589598321
2 593 1589598321
2 594 1589598358
3 592 1589598390
2 595 1589598408
2 596 1589598442
2 597 1589598459
4 20 1589598463
2 598 1589598481
5 27 1589598538
3 530 1589598602
3 569 1589598609
2 599 1589598618
3 575 1589598645
3 21 1589598652
2 600 1589598692
2 601 1589598728
2 602 1589598822
2 603 1589598824
2 604 1589598849
3 170 1589598896
2 605 1589598927
2 606 1589598979
3 572 1589599099
3 299 1589599142
3 556 1589599168
5 37 1589599180
2 607 1589599187
3 528 1589599193
2 608 1589599223
2 609 1589599365
3 289 1589599416
2 610 1589599534
2 611 1589599561
2 612 1589599589
2 613 1589599616
2 614 1589599679
4 345 1589599692
5 10 1589599711
4 63 1589599712
2 615 1589599755
3 574 1589599815
2 616 1589599841
3 591 1589599926
2 617 1589599941
3 46 1589600049
2 618 1589600090
2 619 1589600271
2 620 1589600273
3 538 1589600320
2 621 1589600428
2 622 1589600465
2 623 1589600503
2 624 1589600512
2 625 1589600525
2 626 1589600539
3 586 1589600542
2 627 1589600616
2 628 1589600688
2 629 1589600725
2 630 1589600760
3 301 1589600787
3 434 1589600796
2 631 1589600796
3 489 1589600853
3 613 1589600891
3 590 1589600899
3 454 1589600997
2 523 1589601008
2 632 1589601051
2 633 1589601063
2 634 1589601068
3 360 1589601114
2 635 1589601117
2 636 1589601130
2 637 1589601257
2 638 1589601290
2 639 1589601320
3 461 1589601345
2 640 1589601384
2 641 1589601384
4 7 1589601402
2 642 1589601486
2 643 1589601487
2 644 1589601531
2 645 1589601540
2 646 1589601666
4 6 1589601687
2 647 1589601746
2 648 1589601819
3 582 1589601892
2 649 1589601894
2 650 1589601996
2 651 1589602012
2 652 1589602073
3 607 1589602105
3 653 1589602156
2 654 1589602190
2 655 1589602193
3 651 1589602230
3 533 1589602241
2 656 1589602295
2 657 1589602308
2 658 1589602313
3 136 1589602365
3 635 1589602368
2 659 1589602368
3 258 1589602374
3 632 1589602386
2 653 1589602394
3 608 1589602404
3 544 1589602415
2 660 1589602531
3 638 1589602542
2 661 1589602548
2 662 1589602570
2 663 1589602719
2 664 1589602723
2 665 1589602733
2 666 1589602783
2 667 1589602797
2 668 1589602815
2 669 1589602847
3 649 1589602950
2 670 1589602986
2 671 1589603012
2 672 1589603020
2 673 1589603089
2 674 1589603202
2 675 1589603234
2 676 1589603271
3 515 1589603282
2 677 1589603336
2 678 1589603353
2 679 1589603392
3 637 1589603475
2 680 1589603495
3 609 1589603638
3 660 1589603675
3 612 1589603684
3 589 1589603733
2 681 1589603737
2 682 1589603780
3 640 1589603866
5 8 1589603892
2 683 1589603969
3 668 1589604169
2 684 1589604347
5 51 1589604353
2 685 1589604354
5 7 1589604396
2 686 1589604456
2 687 1589604468
2 688 1589604473
2 689 1589604625
2 690 1589604635
2 691 1589604812
2 692 1589604826
2 693 1589604844
3 622 1589604875
2 694 1589604890
2 695 1589604947
2 696 1589605057
2 697 1589605058
2 698 1589605125
3 642 1589605155
3 664 1589605162
2 699 1589605264
2 700 1589605267
2 701 1589605334
2 702 1589605356
2 703 1589605366
2 704 1589605382
4 37 1589605404
3 703 1589605421
2 705 1589605458
3 34 1589605513
2 706 1589605528
5 121 1589605578
2 707 1589605668
5 2 1589605671
2 708 1589605718
2 709 1589605729
2 710 1589605767
2 711 1589605781
3 543 1589605791
2 712 1589605835
3 706 1589605858
2 713 1589605870
5 4 1589605883
3 624 1589605920
3 704 1589605921
2 714 1589605989
3 713 1589606084
3 715 1589606103
3 372 1589606106
2 715 1589606142
3 387 1589606184
2 716 1589606216
2 717 1589606260
3 326 1589606294
2 718 1589606352
3 719 1589606367
2 720 1589606426
2 721 1589606463
2 722 1589606487
3 689 1589606535
2 723 1589606542
3 698 1589606597
2 719 1589606652
4 152 1589606677
2 724 1589606698
4 2 1589606734
2 725 1589606740
3 690 1589606791
2 726 1589606822
3 696 1589606849
5 345 1589606854
2 727 1589606869
3 537 1589606876
3 691 1589606886
4 14 1589606913
2 728 1589607082
2 729 1589607092
2 730 1589607098
2 731 1589607299
6 37 1589607321
2 732 1589607352
2 733 1589607363
3 424 1589607422
5 12 1589607514
3 652 1589607530
2 734 1589607531
3 724 1589607616
5 6 1589607624
2 735 1589607641
2 736 1589607649
2 737 1589607683
3 205 1589607771
5 96 1589607781
2 738 1589607838
2 739 1589607853
2 740 1589607946
2 741 1589608019
2 742 1589608145
2 743 1589608194
2 744 1589608195
2 745 1589608231
2 746 1589608274
2 747 1589608324
2 748 1589608380
4 8 1589608427
3 716 1589608459
4 51 1589608467
2 749 1589608489
2 750 1589608627
2 751 1589608643
3 77 1589608676
5 227 1589608724
3 735 1589608774
2 752 1589608776
2 753 1589608806
4 139 1589608824
2 754 1589608828
2 755 1589608852
2 756 1589608898
2 757 1589608925
3 739 1589609049
3 745 1589609053
3 681 1589609070
6 101 1589609097
2 758 1589609105
3 603 1589609128
3 736 1589609136
2 759 1589609191
3 494 1589609204
5 16 1589609209
2 760 1589609311
5 64 1589609315
4 166 1589609328
2 761 1589609382
3 728 1589609385
3 344 1589609424
2 762 1589609428
2 763 1589609477
5 23 1589609655
2 764 1589609705
2 765 1589609757
2 766 1589609804
2 767 1589609853
2 768 1589609860
2 769 1589609897
2 770 1589609940
2 771 1589610003
2 772 1589610117
3 768 1589610134
3 753 1589610137
2 773 1589610165
2 774 1589610231
3 730 1589610233
2 775 1589610282
2 776 1589610305
3 761 1589610466
2 777 1589610544
3 769 1589610568
2 778 1589610591
2 779 1589610621
3 737 1589610747
3 759 1589610891
2 780 1589610903
2 781 1589610912
3 217 1589610914
4 113 1589610934
2 782 1589610936
3 621 1589610950
5 158 1589611036
3 764 1589611086
3 562 1589611131
2 783 1589611201
2 784 1589611228
3 511 1589611255
2 785 1589611257
2 786 1589611308
2 787 1589611314
3 787 1589611321
2 788 1589611524
2 789 1589611538
2 790 1589611548
2 791 1589611625
3 791 1589611664
5 63 1589611686
2 792 1589611713
2 793 1589611775
2 794 1589611779
2 795 1589611856
2 796 1589611882
2 797 1589612011
3 657 1589612016
2 798 1589612019
2 799 1589612020
5 22 1589612115
2 800 1589612117
3 446 1589612119
2 801 1589612152
2 802 1589612176
2 803 1589612233
2 804 1589612329
2 805 1589612351
2 806 1589612360
2 807 1589612382
2 808 1589612433
4 26 1589612434
3 722 1589612444
2 809 1589612455
2 810 1589612472
7 5 1589612564
4 706 1589612567
3 767 1589612609
3 331 1589612610
2 811 1589612654
2 812 1589612719
3 733 1589612726
2 813 1589612752
3 777 1589612774
3 729 1589612813
2 814 1589612859
2 815 1589612862
2 816 1589612864
3 281 1589612871
2 817 1589612884
2 818 1589612894
2 819 1589612904
5 20 1589612916
3 807 1589613104
5 11 1589613128
3 796 1589613148
3 604 1589613172
2 820 1589613307
3 794 1589613348
2 821 1589613387
3 806 1589613418
2 822 1589613428
3 646 1589613471
2 823 1589613491
2 824 1589613563
2 825 1589613609
2 826 1589613654
2 827 1589613684
2 828 1589613719
2 829 1589613730
2 830 1589613737
3 793 1589613816
2 831 1589613819
2 832 1589613819
2 833 1589613881
2 834 1589613946
3 772 1589613954
2 835 1589614044
2 836 1589614180
4 488 1589614232
2 837 1589614233
3 790 1589614290
3 620 1589614295
2 838 1589614302
3 803 1589614319
3 568 1589614344
4 276 1589614357
2 839 1589614384
2 840 1589614437
2 841 1589614455
2 842 1589614457
3 818 1589614463
2 843 1589614506
2 844 1589614586
2 845 1589614626
2 846 1589614633
2 847 1589614660
2 848 1589614694
2 849 1589614698
3 676 1589614736
2 850 1589614829
2 851 1589614916
2 852 1589614927
3 576 1589614930
3 853 1589614955
2 854 1589614965
2 855 1589614983
3 839 1589615081
2 856 1589615089
2 857 1589615113
2 858 1589615187
2 859 1589615259
3 671 1589615342
2 860 1589615345
3 825 1589615368
2 861 1589615394
2 862 1589615442
2 863 1589615480
2 864 1589615532
3 780 1589615536
3 848 1589615601
2 865 1589615605
2 866 1589615611
2 867 1589615660
3 859 1589615663
2 868 1589615675
2 869 1589615708
2 870 1589615712
2 871 1589615756
3 849 1589615767
2 872 1589615803
4 61 1589615836
3 165 1589615893
2 873 1589615923
2 874 1589615944
2 875 1589615975
2 876 1589615981
2 877 1589616090
2 878 1589616102
2 879 1589616104
2 880 1589616112
6 10 1589616141
2 881 1589616171
3 840 1589616176
3 711 1589616190
3 827 1589616328
5 707 1589616332
3 778 1589616431
3 847 1589616437
5 144 1589616464
2 882 1589616474
2 883 1589616651
5 58 1589616668
2 884 1589616734
2 885 1589616767
2 886 1589616785
3 872 1589616867
2 887 1589616870
2 888 1589616874
2 889 1589616974
3 881 1589617006
2 890 1589617012
2 891 1589617084
2 892 1589617092
3 812 1589617184
4 114 1589617197
2 893 1589617245
2 894 1589617286
2 895 1589617341
2 896 1589617369
3 826 1589617396
2 897 1589617446
2 898 1589617571
3 899 1589617576
3 809 1589617646
3 860 1589617763
2 900 1589617769
2 901 1589617825
2 902 1589617902
3 888 1589617911
3 903 1589617957
2 904 1589617980
3 871 1589617986
2 905 1589618050
2 906 1589618062
2 907 1589618093
5 89 1589618136
2 908 1589618271
2 909 1589618286
4 9 1589618323
2 910 1589618380
2 911 1589618420
4 27 1589618435
2 912 1589618455
3 823 1589618475
2 913 1589618481
3 866 1589618501
2 914 1589618509
2 915 1589618510
2 899 1589618522
2 916 1589618523
3 873 1589618659
2 917 1589618665
2 918 1589618669
3 886 1589618680
3 904 1589618725
2 919 1589618762
4 83 1589618770
2 920 1589618789
5 75 1589618799
2 921 1589618807
3 835 1589618974
2 922 1589618978
2 923 1589619007
3 905 1589619089
2 924 1589619094
3 707 1589619146
5 502 1589619167
2 903 1589619285
2 925 1589619289
3 910 1589619318
2 926 1589619344
2 927 1589619350
3 734 1589619376
3 920 1589619381
2 928 1589619418
2 929 1589619480
3 923 1589619532
3 799 1589619576
3 870 1589619603
2 930 1589619641
2 931 1589619696
2 932 1589619755
2 933 1589619760
2 934 1589619773
3 830 1589619854
2 935 1589619917
3 861 1589619944
2 936 1589620107
2 937 1589620132
2 938 1589620138
3 938 1589620148
2 939 1589620154
2 940 1589620162
2 941 1589620195
3 815 1589620202
2 942 1589620269
2 943 1589620452
2 944 1589620463
2 945 1589620481
2 946 1589620519
2 947 1589620524
5 276 1589620596
3 927 1589620610
4 144 1589620618
5 93 1589620681
2 948 1589620731
2 853 1589620755
2 949 1589620756
2 950 1589620774
2 951 1589620808
2 952 1589620836
3 765 1589620869
3 914 1589620946
2 953 1589620982
2 954 1589620996
3 933 1589620999
2 955 1589621051
3 207 1589621137
2 956 1589621182
2 957 1589621232
7 7 1589621256
2 958 1589621261
3 732 1589621325
2 959 1589621412
2 960 1589621541
2 961 1589621555
2 962 1589621685
4 227 1589621686
3 940 1589621688
3 912 1589621720
2 963 1589621729
8 8 1589621837
2 964 1589621876
2 965 1589621995
2 966 1589622084
8 235 1589622096
2 967 1589622102
3 925 1589622142
2 968 1589622143
3 946 1589622180
2 969 1589622181
3 935 1589622206
3 955 1589622234
5 31 1589622245
3 833 1589622258
8 11 1589622304
3 212 1589622327
2 970 1589622328
3 697 1589622356
2 971 1589622434
5 972 1589622517
3 942 1589622521
5 83 1589622561
2 973 1589622582
2 974 1589622648
5 13 1589622684
2 975 1589622689
5 9 1589622725
3 957 1589622738
5 594 1589622748
5 339 1589622787
2 976 1589622860
3 785 1589622973
2 977 1589623146
2 978 1589623282
2 979 1589623464
2 980 1589623616
3 959 1589623645
4 349 1589623708
3 699 1589623774
6 4 1589623812
2 981 1589623854
2 982 1589623913
5 274 1589623914
2 983 1589623933
2 984 1589623943
2 985 1589623968
3 363 1589623992
4 96 1589624051
3 821 1589624075
8 267 1589624090
2 986 1589624127
2 987 1589624127
3 932 1589624168
3 975 1589624170
2 988 1589624361
6 227 1589624366
3 974 1589624379
2 989 1589624398
3 989 1589624410
2 990 1589624483
2 991 1589624567
5 38 1589624617
2 992 1589624666
3 966 1589624676
5 299 1589624740
2 993 1589624754
4 273 1589624828
2 972 1589624833
3 986 1589624848
3 953 1589624944
3 594 1589624952
3 930 1589625041
2 994 1589625331
2 995 1589625382
3 990 1589625477
2 996 1589625490
3 351 1589625551
2 997 1589625552
2 998 1589625580
2 999 1589625581
2 1000 1589625604
3 883 1589625699
2 1001 1589625930
4 206 1589625931
2 1002 1589625934
2 1003 1589625965
2 1004 1589626023
5 19 1589626024
3 993 1589626098
3 998 1589626201
3 318 1589626262
2 1005 1589626280
3 600 1589626355
2 1006 1589626369
2 1007 1589626506
3 359 1589626543
3 783 1589626628
4 38 1589626641
2 1008 1589626707
3 665 1589626806
2 1009 1589626856
5 846 1589626879
3 132 1589626921
3 837 1589626940
2 1010 1589626945
3 1010 1589626959
3 985 1589626988
2 1011 1589627030
5 87 1589627048
2 1012 1589627113
2 1013 1589627163
2 1014 1589627166
2 1015 1589627213
3 908 1589627245
2 1016 1589627274
2 1017 1589627377
2 1018 1589627415
3 1007 1589627443
5 202 1589627553
3 645 1589627708
2 1019 1589627752
2 1020 1589627766
3 800 1589627785
3 1004 1589627819
8 5 1589628002
2 1021 1589628013
3 995 1589628083
2 1022 1589628085
2 1023 1589628110
2 1024 1589628110
3 895 1589628280
3 950 1589628425
3 42 1589628446
2 1025 1589628471
4 64 1589628515
2 1026 1589628541
3 188 1589628613
3 1005 1589628640
2 1027 1589628778
2 1028 1589628829
2 1029 1589628848
5 572 1589628886
5 61 1589628911
6 713 1589628918
3 1017 1589629012
3 1008 1589629181
3 224 1589629277
2 1030 1589629287
3 941 1589629369
2 1031 1589629450
2 1032 1589629687
3 1019 1589629698
7 37 1589629806
2 1033 1589629807
2 1034 1589629818
3 268 1589629823
3 771 1589629867
3 421 1589629915
3 875 1589629965
3 1012 1589630001
6 38 1589630013
5 349 1589630022
5 389 1589630031
5 184 1589630048
5 26 1589630307
5 381 1589630355
2 1035 1589630356
2 1036 1589630357
2 1037 1589630364
2 1038 1589630387
2 1039 1589630393
5 272 1589630446
2 1040 1589630500
5 324 1589630548
2 1041 1589630583
3 1031 1589630621
3 996 1589630757
7 8 1589630786
2 1042 1589630872
2 1043 1589630962
3 247 1589631015
2 1044 1589631029
4 175 1589631143
4 18 1589631330
3 876 1589631332
2 1045 1589631398
2 1046 1589631483
2 1047 1589631484
2 1048 1589631550
3 978 1589631678
3 432 1589631766
3 1036 1589631798
2 1049 1589631824
2 1050 1589631841
3 1041 1589631874
2 1051 1589631907
2 1052 1589631997
3 727 1589632006
3 1027 1589632018
3 992 1589632022
2 1053 1589632068
2 1054 1589632080
5 107 1589632093
3 1046 1589632105
2 1055 1589632125
5 18 1589632144
3 1033 1589632152
2 1056 1589632235
2 1057 1589632407
3 455 1589632433
2 1058 1589632641
3 76 1589632645
3 795 1589632699
3 919 1589632720
3 965 1589632731
3 1047 1589632780
3 1057 1589632996
2 1059 1589633055
2 1060 1589633127
2 1061 1589633240
3 1055 1589633278
8 2 1589633280
5 185 1589633320
3 366 1589633354
3 1054 1589633409
2 1062 1589633500
5 17 1589633563
2 1063 1589633590
5 664 1589633828
2 1064 1589633875
2 1065 1589633950
2 1066 1589634024
2 1067 1589634126
2 1068 1589634126
2 1069 1589634216
6 139 1589634288
2 1070 1589634288
6 980 1589634366
2 1071 1589634400
2 1072 1589634460
2 1073 1589634493
2 1074 1589634509
8 159 1589634559
7 11 1589634620
3 1062 1589634729
2 1075 1589634755
3 1022 1589634796
9 5 1589634968
2 1076 1589635080
8 227 1589635215
6 621 1589635269
3 1058 1589635290
2 1077 1589635396
3 1001 1589635512
3 598 1589635522
2 1078 1589635559
3 1063 1589635640
2 1079 1589635649
3 1069 1589635650
2 1080 1589635759
5 166 1589635785
2 1081 1589635905
3 312 1589635913
2 1082 1589635924
2 1083 1589635953
2 1084 1589636066
3 808 1589636078
2 1085 1589636099
2 1086 1589636211
3 1026 1589636261
2 1087 1589636359
3 1070 1589636664
2 1088 1589636816
7 9 1589637078
2 1089 1589637251
3 1074 1589637294
2 1090 1589637340
2 1091 1589637355
6 6 1589637369
2 1092 1589637379
2 1093 1589637411
3 1073 1589637441
2 1094 1589637451
3 1087 1589637452
3 1095 1589637463
2 1095 1589637560
2 1096 1589637589
6 30 1589637613
3 1071 1589637784
2 1097 1589637901
3 1018 1589638097
3 1090 1589638248
3 1089 1589638276
3 1002 1589638315
3 906 1589638449
6 7 1589638451
3 1024 1589638467
8 63 1589638509
3 1093 1589638571
2 1098 1589638588
2 1099 1589638618
9 9 1589638623
2 1100 1589638641
2 1101 1589638963
2 1102 1589639181
3 231 1589639235
4 23 1589639308
2 1103 1589639331
2 1104 1589639363
2 1105 1589639472
2 1106 1589639503
3 1098 1589639545
5 938 1589639584
2 1107 1589639586
2 1108 1589639637
5 139 1589639817
5 1109 1589639842
2 1110 1589639855
5 515 1589639916
2 1111 1589639922
3 265 1589639938
2 1112 1589640093
2 1113 1589640132
5 769 1589640164
2 1114 1589640240
2 1115 1589640282
5 101 1589640295
2 1116 1589640327
2 1117 1589640373
2 1118 1589640535
2 1119 1589640768
2 1120 1589640829
8 83 1589640832
4 56 1589640914
2 1121 1589640929
3 1106 1589640964
2 1122 1589641144
2 1123 1589641479
2 1124 1589641512
2 1125 1589641565
3 1120 1589641596
2 1126 1589641649
3 1114 1589641657
2 1127 1589641671
3 524 1589641692
2 1128 1589641763
2 1129 1589641900
2 1130 1589641975
3 490 1589642028
4 30 1589642095
2 1131 1589642104
4 104 1589642147
2 1132 1589642229
3 1115 1589642285
2 1133 1589642349
2 1134 1589642458
8 471 1589642464
3 163 1589642476
3 1131 1589642590
8 794 1589642618
5 84 1589642654
8 34 1589642750
2 1135 1589642928
3 1104 1589642948
3 551 1589643001
2 1136 1589643038
3 1132 1589643445
2 1137 1589643461
9 13 1589643484
3 1103 1589643605
2 1138 1589643711
3 958 1589643718
2 1139 1589643730
8 12 1589643791
2 1140 1589643811
2 1141 1589643848
2 1142 1589644083
2 1143 1589644412
8 19 1589644446
2 1144 1589644450
2 1145 1589644542
2 1146 1589644823
2 1147 1589644889
3 1086 1589644938
9 980 1589644951
2 1148 1589645003
9 61 1589645239
2 1149 1589645307
2 1150 1589645324
2 1151 1589645326
2 1152 1589645340
3 1140 1589645342
2 1153 1589645526
5 534 1589645832
2 1154 1589645944
2 1155 1589646072
5 848 1589646197
3 969 1589646205
5 356 1589646318
5 5 1589646455
2 1156 1589646468
2 1157 1589646503
3 723 1589646515
2 1158 1589646784
4 369 1589646904
9 6 1589647049
2 1159 1589647131
3 740 1589647136
2 1160 1589647175
2 1161 1589647280
2 1162 1589647282
3 1158 1589647306
5 30 1589647412
3 53 1589647462
2 1163 1589647615
3 858 1589647686
2 1164 1589647807
3 1102 1589647835
5 1165 1589647990
3 1160 1589648017
2 1166 1589648054
3 462 1589648085
9 30 1589648268
3 1156 1589648354
2 1167 1589648372
3 1119 1589648470
3 1157 1589648584
3 545 1589648824
3 1168 1589648855
8 345 1589648977
3 1138 1589649205
2 1169 1589649354
2 1170 1589649388
3 1166 1589649693
3 1170 1589650097
6 175 1589650177
2 1171 1589650219
2 1172 1589650234
2 1173 1589650256
8 30 1589650264
3 472 1589650310
2 1174 1589650410
3 763 1589650441
2 1175 1589650594
3 1135 1589650743
2 1176 1589650976
8 6 1589650980
4 848 1589651110
4 31 1589651188
3 1142 1589651328
6 276 1589651335
9 345 1589651349
2 1177 1589651396
8 349 1589651722
3 1172 1589651810
8 7 1589651838
8 37 1589651990
3 1111 1589652063
2 1178 1589652216
7 31 1589652320
3 1174 1589652391
2 1179 1589652450
2 1180 1589652454
2 1181 1589652469
3 988 1589652524
2 1182 1589652590
2 1183 1589652904
3 1133 1589653073
2 1184 1589653138
2 1185 1589653452
2 1186 1589653518
2 1187 1589653733
2 1188 1589653756
2 1189 1589653851
5 94 1589653906
2 1190 1589653968
7 6 1589654009
5 159 1589654020
3 1148 1589654030
4 25 1589654083
2 1191 1589654218
2 1192 1589654251
5 910 1589654288
3 399 1589654435
2 1193 1589654465
2 1194 1589654533
2 1195 1589654568
2 1196 1589654628
6 129 1589654629
9 20 1589654700
2 1197 1589654715
3 506 1589654734
2 1198 1589654822
3 1194 1589654855
3 1189 1589654904
2 1199 1589654957
2 1200 1589655051
2 1201 1589655144
2 1202 1589655216
2 1203 1589655284
7 84 1589655344
3 1193 1589655384
2 1204 1589655397
2 1205 1589655434
3 1196 1589655452
3 1199 1589655493
3 1195 1589655768
2 1206 1589655847
3 1175 1589655930
3 478 1589655955
8 175 1589655975
3 1198 1589655998
2 1207 1589656092
7 175 1589656113
3 884 1589656169
3 892 1589656206
2 1208 1589656645
2 1209 1589656679
3 1206 1589656926
5 206 1589656948
3 1203 1589656971
3 1210 1589657063
4 78 1589657360
3 1211 1589657540
2 1211 1589657598
8 115 1589657627
2 1212 1589657828
10 6 1589657976
3 1209 1589657987
5 77 1589658110
2 1213 1589658415
5 88 1589658716
11 5 1589658837
8 950 1589658846
2 1214 1589659004
3 1202 1589659007
7 345 1589659029
10 4 1589659575
3 1208 1589659785
2 1215 1589659878
3 1105 1589659888
3 805 1589660119
2 1216 1589660344
5 42 1589660374
4 101 1589660445
2 1217 1589660534
2 1218 1589660571
2 1219 1589660635
5 940 1589660692
7 19 1589660776
3 1192 1589660816
2 1220 1589660902
4 88 1589660930
9 7 1589661205
3 1220 1589661481
3 1178 1589661762
2 1221 1589661849
6 202 1589661867
2 1222 1589661915
3 379 1589661960
7 234 1589662061
2 1223 1589662325
2 1224 1589662493
12 27 1589662522
10 30 1589662542
2 1225 1589662982
2 1226 1589662996
3 972 1589663205
9 273 1589663243
3 557 1589663331
2 1227 1589663753
2 1228 1589663805
7 12 1589663817
2 1229 1589663945
3 468 1589663972
2 1230 1589664061
3 1221 1589664090
10 34 1589664097
5 399 1589664131
3 602 1589664390
2 1231 1589664820
2 1232 1589665020
11 121 1589665303
2 1233 1589665367
2 1234 1589665414
3 1228 1589665533
6 399 1589665538
6 114 1589665821
2 1235 1589665833
10 980 1589666676
2 1236 1589666692
2 1237 1589666696
2 1238 1589666727
3 1234 1589666764
2 1239 1589667070
11 37 1589667076
4 94 1589667173
10 276 1589667189
2 1240 1589667194
2 1241 1589667274
2 1242 1589667466
2 1243 1589667533
9 31 1589667683
11 17 1589667820
3 579 1589667844
6 9 1589668106
3 1230 1589668291
3 1238 1589668345
3 1151 1589668385
2 1244 1589668604
8 130 1589668729
3 1182 1589668921
5 113 1589669007
13 5 1589669039
2 1245 1589669196
4 121 1589669287
3 560 1589669510
4 183 1589669745
2 1246 1589669755
2 1247 1589669808
7 51 1589670174
2 1248 1589670251
5 280 1589670261
5 305 1589670275
2 1249 1589670310
11 83 1589670714
11 345 1589670905
10 5 1589671152
2 1250 1589671234
5 142 1589671241
11 6 1589671703
4 77 1589671785
2 1251 1589671787
9 11 1589672131
11 11 1589672140
4 13 1589672245
2 1252 1589672429
2 1253 1589672558
3 1251 1589672575
2 1254 1589672598
2 1255 1589672754
10 37 1589672885
10 7 1589673386
6 56 1589673415
11 38 1589673488
3 1117 1589673530
8 13 1589673608
2 1256 1589674174
2 1257 1589674176
2 1258 1589674594
2 1259 1589674799
5 234 1589674974
3 760 1589675055
6 34 1589675159
2 1260 1589675343
2 1261 1589675397
11 101 1589675499
6 16 1589675539
2 1262 1589675673
2 1263 1589675679
7 17 1589675984
12 17 1589676126
2 1264 1589676186
5 76 1589676372
3 1263 1589676475
8 51 1589676622
12 11 1589676627
3 1261 1589676742
14 5 1589676834
3 1260 1589676890
6 13 1589676901
11 30 1589677199
9 18 1589677625
2 1265 1589677946
12 10 1589678439
11 9 1589678687
4 216 1589678711
2 1266 1589678788
2 1267 1589678907
2 1268 1589679077
3 973 1589679358
4 10 1589679782
11 63 1589679867
13 11 1589680077
2 1269 1589680276
2 1270 1589680572
2 1271 1589680698
3 1267 1589680714
2 1272 1589680767
15 6 1589680849
5 36 1589680867
15 20 1589680961
9 227 1589681092
8 14 1589681437
2 1273 1589681729
8 4 1589682203
11 18 1589682266
2 1274 1589682455
3 1271 1589682564
2 1275 1589682662
10 202 1589683272
2 1276 1589683335
2 1277 1589683654
2 1278 1589684562
12 75 1589684586
2 1279 1589684695
3 1016 1589684845
10 83 1589685044
3 526 1589685132
8 1230 1589685659
2 1280 1589686174
11 12 1589686371
2 1281 1589686467
5 90 1589686669
2 1282 1589686946
2 1283 1589687195
2 1284 1589687326
2 1285 1589688035
16 18 1589688067
3 1285 1589688124
2 1286 1589688147
2 1287 1589688254
2 1288 1589688517
2 1289 1589688690
2 1290 1589688780
3 1291 1589688906
2 1291 1589688961
3 1289 1589689352
12 234 1589689489
2 1292 1589690137
3 1292 1589690250
14 51 1589690390
4 399 1589690634
2 1293 1589690768
13 37 1589690860
11 4 1589690900
11 7 1589691058
2 1294 1589691101
10 227 1589691293
8 75 1589691440
12 399 1589691496
11 227 1589691661
6 93 1589691697
2 1295 1589691988
8 260 1589692074
6 5 1589692741
17 83 1589693712
2 1296 1589693885
2 1297 1589694199
2 1298 1589694224
5 1292 1589694417
2 1299 1589694533
8 17 1589694544
11 64 1589694931
2 1300 1589695092
3 1243 1589695200
17 11 1589695322
2 1301 1589695479
17 349 1589695540
11 61 1589695655
17 345 1589695815
2 1302 1589696141
17 227 1589696163
12 20 1589696503
2 1303 1589696596
15 37 1589696612
2 1304 1589696754
3 1216 1589696800
2 1305 1589696807
6 502 1589697185
14 121 1589697205
2 1306 1589697212
17 8 1589697218
18 6 1589697365
3 306 1589697470
2 1307 1589697503
2 1308 1589697792
3 357 1589697816
18 4 1589697911
10 219 1589698049
2 1309 1589698206
2 1310 1589698234
3 1308 1589698489
2 1311 1589698514
8 61 1589698677
8 1292 1589698677
3 1283 1589698734
3 1310 1589698874
6 20 1589699568
17 51 1589699623
3 1309 1589699797
2 1312 1589699886
11 794 1589700066
2 1313 1589700261
7 139 1589700347
7 29 1589700370
2 1314 1589700586
17 63 1589700712
2 1315 1589700877
3 1205 1589701003
12 6 1589701013
3 1312 1589701258
13 7 1589701371
4 1316 1589701394
2 1316 1589701426
17 75 1589701497
2 1317 1589701519
3 898 1589701522
3 1277 1589701525
17 17 1589701621
2 1318 1589701818
3 1316 1589702070
18 37 1589702127
15 7 1589702180
10 22 1589702547
15 345 1589702558
3 1293 1589702663
2 1319 1589702761
13 234 1589702906
9 37 1589702914
2 1320 1589703067
2 1321 1589703167
9 2 1589703228
18 11 1589703332
17 61 1589703565
2 1322 1589703695
3 954 1589703748
3 1318 1589703780
14 139 1589704112
7 794 1589704299
18 227 1589704575
14 18 1589704624
14 19 1589704967
18 345 1589705277
13 64 1589705336
17 6 1589705432
2 1323 1589705456
2 1324 1589705485
2 1325 1589705793
2 1326 1589705925
13 227 1589706216
4 1327 1589706346
10 17 1589706393
2 1328 1589706500
11 23 1589706529
19 8 1589706621
17 14 1589706814
2 1329 1589706920
9 77 1589707038
13 345 1589707331
2 1330 1589707415
3 1326 1589707601
2 1331 1589707948
3 1049 1589708143
3 643 1589708398
11 51 1589708477
2 1210 1589708601
18 83 1589708732
8 1007 1589708773
3 700 1589708968
6 2 1589709148
20 345 1589709152
7 2 1589709321
7 77 1589709529
21 5 1589709638
9 8 1589709714
5 490 1589709844
3 1322 1589709920
3 1110 1589709986
3 1330 1589710176
2 1332 1589710274
17 30 1589710348
2 1333 1589710520
2 1334 1589710559
10 20 1589710612
2 1335 1589710686
15 227 1589710878
2 1336 1589711417
3 1333 1589711579
9 12 1589711617
18 276 1589711666
18 20 1589711965
18 707 1589712566
6 389 1589713175
22 51 1589713233
9 139 1589713385
13 9 1589713389
2 1337 1589713549
23 8 1589713592
18 12 1589713611
18 121 1589713653
3 525 1589714002
3 1229 1589714200
2 1338 1589714344
2 1339 1589714488
18 34 1589714749
10 11 1589714848
2 1340 1589714854
10 121 1589714930
17 19 1589715621
8 234 1589715749
17 1292 1589715968
23 345 1589716241
21 7 1589716259
6 12 1589716336
18 114 1589716460
3 1336 1589716623
2 1341 1589716664
2 1342 1589716731
18 7 1589716917
18 9 1589717059
2 1343 1589717069
18 10 1589717075
4 207 1589717321
12 19 1589717344
14 37 1589717484
23 5 1589717652
23 7 1589717730
2 1344 1589717952
3 1343 1589717980
23 121 1589718071
23 37 1589718348
17 13 1589718403
3 1060 1589718423
8 121 1589718475
12 938 1589718528
18 13 1589718703
5 995 1589718716
23 139 1589718859
2 1345 1589718991
2 1346 1589719025
2 1347 1589719038
23 83 1589719374
11 19 1589719378
18 30 1589719604
3 1344 1589719705
18 399 1589719842
2 1348 1589719977
8 166 1589720032
18 51 1589720269
4 219 1589720381
23 6 1589720576
2 1349 1589720841
2 1350 1589721039
18 273 1589721105
3 1091 1589721122
12 227 1589721208
4 735 1589721233
23 227 1589721378
8 18 1589721627
2 1351 1589721650
13 20 1589721810
2 1352 1589721866
9 34 1589722023
4 58 1589722158
23 93 1589722244
2 1353 1589722319
11 10 1589722400
11 399 1589722469
17 121 1589722638
3 1350 1589722694
3 1313 1589722707
17 234 1589722725
12 345 1589722910
23 202 1589722936
24 345 1589722945
23 276 1589722970
3 1345 1589723168
8 9 1589723194
23 61 1589723204
2 1354 1589723260
23 30 1589723285
8 20 1589723317
23 64 1589723597
23 20 1589723943
13 6 1589724005
23 31 1589724104
23 11 1589724193
23 26 1589724208
2 1355 1589724264
2 1356 1589724317
9 90 1589724927
23 34 1589724948
23 488 1589725329
8 219 1589725403
22 11 1589725708
10 345 1589725732
18 101 1589725886
10 77 1589725892
14 848 1589726015
23 21 1589726111
19 6 1589726160
5 14 1589726173
17 18 1589726223
8 848 1589726264
8 38 1589726344
4 910 1589726374
9 159 1589726490
23 273 1589726649
18 27 1589726719
2 1357 1589726808
2 1358 1589726908
18 8 1589727048
23 13 1589727294
2 1359 1589727424
18 1360 1589727451
3 798 1589727465
2 1360 1589727480
5 876 1589727655
3 1358 1589727763
2 1361 1589727779
17 20 1589727789
22 121 1589727797
17 9 1589727954
2 1362 1589728129
18 19 1589728364
3 1359 1589728391
11 139 1589728507
23 63 1589728523
11 8 1589728792
6 21 1589728831
11 34 1589728856
23 2 1589728891
3 1257 1589729220
2 1363 1589729772
3 1278 1589729847
23 104 1589729923
2 1364 1589730073
3 1361 1589730265
25 2 1589730389
23 401 1589730428
2 1365 1589730525
8 27 1589730634
18 22 1589730780
4 44 1589730818
2 1366 1589730959
5 808 1589731350
11 512 1589731449
2 1367 1589731574
23 144 1589731602
13 17 1589731867
2 1368 1589731870
11 273 1589731910
26 345 1589732091
23 101 1589732114
7 83 1589732414
6 353 1589732558
23 10 1589732573
17 848 1589732668
17 27 1589732668
12 249 1589732711
12 299 1589732716
17 2 1589732771
2 1369 1589732823
7 13 1589733221
25 345 1589733302
2 1370 1589733302
3 1368 1589733439
2 1371 1589733440
3 214 1589733493
18 93 1589733750
2 1372 1589733771
2 1373 1589733887
23 399 1589733933
2 1374 1589734057
23 234 1589734239
26 9 1589734552
23 38 1589734598
25 706 1589734646
10 155 1589734778
21 227 1589734803
3 1367 1589735103
6 18 1589735130
13 101 1589735371
25 200 1589735391
27 121 1589735404
25 20 1589735420
10 8 1589735508
25 64 1589735554
26 6 1589735569
26 37 1589735579
27 20 1589735588
10 9 1589735637
10 27 1589735777
3 1373 1589735905
27 227 1589736049
2 1375 1589736069
2 1376 1589736108
10 93 1589736252
11 91 1589736268
2 1377 1589736303
23 12 1589736308
2 1378 1589736395
26 19 1589736482
8 23 1589736482
23 9 1589736509
27 8 1589736710
26 2 1589736950
25 121 1589736953
13 121 1589736989
23 17 1589737076
27 64 1589737121
25 101 1589737418
12 63 1589737737
12 12 1589737791
2 1379 1589737943
7 27 1589738157
25 88 1589738173
23 62 1589738238
27 345 1589738276
3 1371 1589738545
2 1380 1589738624
25 8 1589738643
17 34 1589738645
3 1374 1589738655
25 83 1589738665
2 1381 1589738695
5 29 1589738761
9 17 1589738834
25 11 1589738857
16 20 1589738986
17 175 1589739126
12 83 1589739142
26 34 1589739153
2 1382 1589739212
5 555 1589739348
3 1376 1589739394
2 1383 1589739501
21 11 1589739557
28 7 1589739599
17 38 1589739623
25 13 1589739700
7 219 1589739993
8 90 1589740129
13 13 1589740217
13 19 1589740281
25 227 1589740371
13 22 1589740422
17 23 1589740444
7 75 1589740539
25 12 1589740729
27 18 1589740789
2 1384 1589741018
18 2 1589741064
25 7 1589741108
3 1380 1589741166
15 75 1589741199
21 345 1589741340
3 244 1589741468
18 5 1589741490
26 20 1589741498
25 159 1589741568
25 37 1589741675
18 61 1589741794
10 12 1589741836
5 114 1589741913
17 260 1589741939
13 18 1589742013
25 38 1589742029
26 273 1589742066
2 1385 1589742155
27 37 1589742387
9 794 1589742431
23 19 1589742445
21 6 1589742515
21 20 1589742535
23 51 1589742563
3 1335 1589742618
3 1384 1589742646
8 96 1589742664
25 5 1589742693
25 63 1589742774
26 227 1589742837
6 17 1589742889
18 202 1589742939
26 83 1589743152
25 30 1589743433
27 27 1589743498
21 121 1589743525
25 75 1589743569
8 114 1589743606
25 34 1589743830
21 19 1589743944
18 38 1589743979
26 10 1589744059
7 159 1589744086
27 2 1589744244
11 104 1589744310
29 2 1589744398
3 1011 1589744399
3 1383 1589744534
25 51 1589744535
24 18 1589744659
26 38 1589744764
5 794 1589744998
17 96 1589745022
30 8 1589745039
3 625 1589745282
2 1386 1589745459
10 19 1589745496
23 274 1589745537
2 1387 1589745578
7 61 1589745668
26 121 1589745940
23 22 1589746047
11 217 1589746164
4 159 1589746208
2 1388 1589746258
7 30 1589746416
14 13 1589746421
23 18 1589746589
4 142 1589746683
26 17 1589746889
24 23 1589746892
4 95 1589747089
2 1389 1589747135
27 83 1589747400
23 706 1589747409
3 1388 1589747601
26 5 1589747606
9 147 1589747648
18 18 1589747673
18 65 1589747768
26 62 1589747771
23 90 1589747788
2 1390 1589747804
3 981 1589747845
11 166 1589747969
26 8 1589748082
14 11 1589748491
9 51 1589748840
2 1391 1589748918
23 4 1589748935
27 30 1589748984
26 4 1589749039
26 12 1589749180
7 848 1589749527
18 77 1589749670
2 1392 1589749734
13 113 1589749788
8 31 1589749871
11 848 1589749926
2 1393 1589749971
31 5 1589750069
18 980 1589750116
11 75 1589750257
29 345 1589750376
7 64 1589750467
26 399 1589750550
18 17 1589750647
9 23 1589750688
17 12 1589750702
23 940 1589750943
26 18 1589751236
27 5 1589751449
7 200 1589751460
3 738 1589751482
25 273 1589751515
3 527 1589751547
22 5 1589751549
26 11 1589751648
23 166 1589751720
11 113 1589751750
3 1393 1589751974
3 916 1589752047
5 1241 1589752123
25 10 1589752126
27 9 1589752174
23 794 1589752454
14 9 1589752459
10 893 1589752474
27 7 1589752565
23 147 1589752581
3 1389 1589752921
25 4 1589753105
23 980 1589753380
25 61 1589753420
23 75 1589753676
2 1394 1589753688
14 345 1589753696
18 110 1589753980
23 219 1589754042
24 13 1589754075
10 10 1589754210
2 1395 1589754442
26 51 1589754452
5 95 1589754511
25 18 1589754543
27 34 1589754851
23 180 1589754854
25 90 1589754980
25 87 1589755062
17 7 1589755109
18 234 1589755125
29 34 1589755144
7 20 1589755216
11 62 1589755500
2 1396 1589755542
25 144 1589755622
5 59 1589755705
25 35 1589755761
5 1189 1589755966
20 22 1589755969
27 38 1589756000
27 113 1589756045
2 1397 1589756090
27 234 1589756276
2 1398 1589756445
8 94 1589756478
8 202 1589756544
23 200 1589756566
10 399 1589756579
4 16 1589756585
32 345 1589756592
5 55 1589756770
2 1399 1589757050
27 10 1589757055
25 9 1589757210
2 1400 1589757447
4 179 1589757515
27 399 1589757552
27 51 1589758045
11 20 1589758232
13 61 1589758236
14 175 1589758260
31 7 1589758318
26 165 1589758510
13 34 1589758540
20 51 1589758565
23 216 1589758743
6 8 1589758779
26 22 1589758797
24 11 1589758902
23 27 1589759007
22 345 1589759060
19 11 1589759219
3 353 1589759522
25 180 1589759711
14 2 1589759749
24 7 1589759832
