2 2 1619827524
2 3 1619827572
2 4 1619827665
2 5 1619827704
2 6 1619827720
2 7 1619827749
2 8 1619827807
2 9 1619827865
2 10 1619827876
2 11 1619827906
2 12 1619827925
2 13 1619827956
2 14 1619827993
2 15 1619828125
2 16 1619828132
2 17 1619828170
2 18 1619828173
2 19 1619828175
2 20 1619828205
2 21 1619828206
2 22 1619828248
2 23 1619828280
2 24 1619828370
2 25 1619828433
2 26 1619828439
2 27 1619828450
2 28 1619828455
2 29 1619828494
2 30 1619828544
2 31 1619828568
2 32 1619828602
2 33 1619828646
2 34 1619828657
2 35 1619828657
2 36 1619828698
2 37 1619828728
2 38 1619828733
2 39 1619828768
2 40 1619828882
2 41 1619828896
2 42 1619828985
2 43 1619828987
2 44 1619829094
2 45 1619829110
2 46 1619829113
2 47 1619829192
2 48 1619829234
2 49 1619829274
2 50 1619829275
2 51 1619829304
2 52 1619829349
2 53 1619829393
2 54 1619829450
2 55 1619829526
2 56 1619829543
2 57 1619829618
2 58 1619829701
2 59 1619829703
2 60 1619829787
2 61 1619829822
2 62 1619829834
2 63 1619829841
2 64 1619829845
2 65 1619829873
2 66 1619829974
2 67 1619830073
2 68 1619830087
2 69 1619830111
2 70 1619830114
2 71 1619830185
2 72 1619830247
2 73 1619830407
2 74 1619830411
2 75 1619830453
2 76 1619830583
2 77 1619830604
2 78 1619830654
2 79 1619830791
2 80 1619830988
2 81 1619830992
2 82 1619831083
2 83 1619831098
2 84 1619831210
2 85 1619831229
2 86 1619831265
2 87 1619831309
2 88 1619831680
2 89 1619831766
2 90 1619832031
2 91 1619832038
2 92 1619832099
2 93 1619832121
2 94 1619832206
2 95 1619832223
2 96 1619832246
2 97 1619832246
2 98 1619832247
2 99 1619832335
2 100 1619832382
2 101 1619832487
2 102 1619832611
2 103 1619832629
2 104 1619832697
2 105 1619832698
2 106 1619832768
2 107 1619832778
2 108 1619832812
2 109 1619832858
2 110 1619832872
2 111 1619833023
2 112 1619833290
2 113 1619833302
2 114 1619833385
2 115 1619833509
2 116 1619833520
2 117 1619833724
2 118 1619833776
2 119 1619833881
2 120 1619833910
2 121 1619834064
2 122 1619834112
2 123 1619834311
2 124 1619834386
2 125 1619834580
2 126 1619834585
2 127 1619834717
2 128 1619834881
2 129 1619834964
2 130 1619835033
2 131 1619835063
2 132 1619835434
2 133 1619835479
2 134 1619835496
2 135 1619836265
2 136 1619836335
2 137 1619836342
2 138 1619836357
2 139 1619836420
2 140 1619836432
2 141 1619836461
2 142 1619836468
2 143 1619836473
2 144 1619836572
2 145 1619836874
2 146 1619836879
2 147 1619837060
2 148 1619837253
2 149 1619837416
2 150 1619837673
2 151 1619837890
2 152 1619838069
2 153 1619838097
2 154 1619838159
2 155 1619838199
2 156 1619838313
2 157 1619838363
2 158 1619838443
2 159 1619838712
2 160 1619838883
2 161 1619838962
2 162 1619839107
2 163 1619839593
2 164 1619839693
2 165 1619840000
2 166 1619840775
2 167 1619840800
2 168 1619840845
2 169 1619841290
2 170 1619841367
2 171 1619841591
2 172 1619841611
2 173 1619841816
2 174 1619842191
3 10 1619842342
2 175 1619842756
2 176 1619843295
2 177 1619843456
2 178 1619843546
2 179 1619843785
3 58 1619843817
2 180 1619844306
2 181 1619844379
2 182 1619844462
2 183 1619844621
3 62 1619844965
2 184 1619845171
2 185 1619845246
2 186 1619845443
3 3 1619845567
3 6 1619845748
2 187 1619845895
2 188 1619846674
3 4 1619846705
2 189 1619846994
2 190 1619847049
2 191 1619847218
2 192 1619847577
2 193 1619847638
2 194 1619847658
2 195 1619847819
2 196 1619847850
2 197 1619847855
3 65 1619847904
2 198 1619848003
4 14 1619848377
2 199 1619848550
2 200 1619848795
2 201 1619848916
3 2 1619849422
2 202 1619849444
2 203 1619849541
3 19 1619849609
2 204 1619849616
3 33 1619849964
2 205 1619849995
2 206 1619850010
3 167 1619850010
2 207 1619850287
5 6 1619850306
4 62 1619850307
2 208 1619850431
3 64 1619850434
3 102 1619850444
3 20 1619850528
4 46 1619850870
3 12 1619851089
2 209 1619851395
3 14 1619851468
2 210 1619851537
2 211 1619851616
2 212 1619851659
5 57 1619851793
2 213 1619851797
2 214 1619852117
5 58 1619852125
2 215 1619852206
2 216 1619852384
2 217 1619852465
4 2 1619852986
3 46 1619853010
2 218 1619853065
5 4 1619853303
3 42 1619853632
3 57 1619853676
2 219 1619853834
3 50 1619853863
2 220 1619854165
2 221 1619854326
2 222 1619854550
4 19 1619854769
2 223 1619854887
5 64 1619854970
2 224 1619855167
3 76 1619855329
3 203 1619855461
2 225 1619855668
2 226 1619855853
2 227 1619856013
2 228 1619856275
3 137 1619856369
3 94 1619856520
2 229 1619856535
5 62 1619856695
2 230 1619856706
2 231 1619856961
2 232 1619857003
2 233 1619857185
2 234 1619857254
2 235 1619857460
2 236 1619857690
2 237 1619857926
3 95 1619858058
2 238 1619858360
2 239 1619858473
2 240 1619858616
2 241 1619858637
3 15 1619858954
3 39 1619859004
6 7 1619859230
3 40 1619859436
2 242 1619859487
2 243 1619859505
3 49 1619859792
4 10 1619859812
2 244 1619859918
4 58 1619859947
2 245 1619860084
2 246 1619860202
5 203 1619860228
3 73 1619860289
3 245 1619860291
2 247 1619860385
2 248 1619860438
5 15 1619860505
5 76 1619860506
2 249 1619860577
2 250 1619860799
2 251 1619860848
2 252 1619860873
2 253 1619860978
2 254 1619861295
4 59 1619861356
5 19 1619861607
2 255 1619861709
2 256 1619861943
2 257 1619862175
4 41 1619862453
3 258 1619862801
5 10 1619862806
2 259 1619862920
6 3 1619863246
2 260 1619863288
2 261 1619863316
4 154 1619863362
4 42 1619863602
2 262 1619864154
2 263 1619864614
5 65 1619864688
6 62 1619864740
3 74 1619864782
2 264 1619865080
3 265 1619865140
2 266 1619865140
5 167 1619865194
3 92 1619865210
2 265 1619865425
5 2 1619865489
5 12 1619865550
3 25 1619865804
2 267 1619865902
4 50 1619866515
2 268 1619866630
2 269 1619866703
2 270 1619866848
3 59 1619866948
5 271 1619867092
7 62 1619867121
5 14 1619867369
3 61 1619867586
5 31 1619867697
5 50 1619867728
2 272 1619868050
2 273 1619868272
5 245 1619868348
2 274 1619868416
2 275 1619868543
3 26 1619868548
2 276 1619868909
2 277 1619869084
2 278 1619869086
2 279 1619869132
2 280 1619869162
5 59 1619869351
2 281 1619869574
2 282 1619869576
2 283 1619869728
2 284 1619869984
2 285 1619870511
5 102 1619870738
6 50 1619870844
5 184 1619870869
4 94 1619871258
2 286 1619871493
3 56 1619871509
4 33 1619871538
2 287 1619871712
2 288 1619871938
7 50 1619872170
5 94 1619872985
3 41 1619873072
2 289 1619873296
8 3 1619873432
2 290 1619873527
2 258 1619873651
2 291 1619873874
4 188 1619874305
4 47 1619874455
5 95 1619874554
2 292 1619874765
2 293 1619875222
4 57 1619875237
2 294 1619875258
3 264 1619875449
5 239 1619875514
2 295 1619875996
5 49 1619876015
2 296 1619876162
5 42 1619876198
7 7 1619876223
5 46 1619876341
5 74 1619876572
5 33 1619876658
3 297 1619876751
5 26 1619876871
3 188 1619877414
3 239 1619877591
3 292 1619878008
3 7 1619878467
5 20 1619878523
4 6 1619878937
2 298 1619879684
5 229 1619879907
4 4 1619880925
2 299 1619881236
4 25 1619881387
3 300 1619881404
2 301 1619881453
3 302 1619881472
5 73 1619881741
3 303 1619881825
2 304 1619882032
2 305 1619882193
3 85 1619883298
5 3 1619883498
2 306 1619883602
2 307 1619883855
4 65 1619884677
2 308 1619884717
2 309 1619884979
4 16 1619885146
2 310 1619885557
2 311 1619885905
2 312 1619886074
5 217 1619886242
3 240 1619886563
3 54 1619886756
5 25 1619886834
2 313 1619886901
2 314 1619887075
4 64 1619887156
4 203 1619887884
2 315 1619888030
5 39 1619888251
5 188 1619888288
5 199 1619888492
5 61 1619888597
5 43 1619888686
2 316 1619889372
2 317 1619889829
5 318 1619890211
2 319 1619890614
5 85 1619890993
2 318 1619891002
4 134 1619891350
4 60 1619892112
5 264 1619892197
5 300 1619892265
8 46 1619892352
2 320 1619892621
9 3 1619892977
2 321 1619893143
10 20 1619893220
5 154 1619894172
8 42 1619894225
11 41 1619894466
9 62 1619894545
12 41 1619895225
2 322 1619895240
4 12 1619895410
10 62 1619895612
2 323 1619895767
2 324 1619895796
2 325 1619895956
2 326 1619896088
2 327 1619896375
2 328 1619896862
2 329 1619896903
2 330 1619897068
3 145 1619897512
5 255 1619897516
10 25 1619897758
2 331 1619897789
9 46 1619899316
2 332 1619899934
2 333 1619900071
13 46 1619900754
10 188 1619901032
2 334 1619901158
2 335 1619901214
7 3 1619901337
13 4 1619901383
2 336 1619901805
13 12 1619902471
2 337 1619902522
5 41 1619902708
13 19 1619902725
10 50 1619902740
12 3 1619902765
13 6 1619903732
8 4 1619903842
10 15 1619903889
11 3 1619903931
2 338 1619904048
2 339 1619904236
12 39 1619904242
2 340 1619904276
13 188 1619904497
13 25 1619904656
2 341 1619904742
13 15 1619904762
8 20 1619904981
5 214 1619905934
2 342 1619906057
13 14 1619906280
2 343 1619906442
13 77 1619907035
13 64 1619907440
13 3 1619907785
10 3 1619908151
4 74 1619908166
13 7 1619908539
2 344 1619908653
12 12 1619908969
11 39 1619908997
2 345 1619909050
2 346 1619909140
3 347 1619909293
10 19 1619909395
2 348 1619909702
2 349 1619909706
2 350 1619909975
2 351 1619910025
2 352 1619910043
9 10 1619910347
4 167 1619910359
2 353 1619910474
2 354 1619910610
2 355 1619910753
5 222 1619911164
2 356 1619911661
13 134 1619911678
4 84 1619911743
2 347 1619911873
2 302 1619911996
2 357 1619912029
4 3 1619913275
2 358 1619913360
2 359 1619913374
13 74 1619913606
3 72 1619913936
5 40 1619914243
13 41 1619914408
10 245 1619915050
10 12 1619915181
3 154 1619915425
4 20 1619915520
2 360 1619916077
13 45 1619916108
2 361 1619916295
4 95 1619916566
2 362 1619916660
2 363 1619916688
9 59 1619917002
3 134 1619917121
12 25 1619917204
2 364 1619917300
12 10 1619917398
3 365 1619917659
13 62 1619917692
5 209 1619918061
2 366 1619919044
13 50 1619919092
10 14 1619919711
5 54 1619920065
2 367 1619920944
2 368 1619921363
2 369 1619921376
11 10 1619921641
8 167 1619921842
13 42 1619922002
2 370 1619922332
14 4 1619922350
14 50 1619922448
8 57 1619922451
13 40 1619922603
2 371 1619922871
5 134 1619922928
5 146 1619923326
3 372 1619923473
12 20 1619923616
5 67 1619923830
4 146 1619923884
14 40 1619923936
14 62 1619924231
2 372 1619924473
3 125 1619924856
8 2 1619924863
10 58 1619925101
3 113 1619925308
13 16 1619925647
15 3 1619925684
13 10 1619925708
2 365 1619925925
14 19 1619926192
13 84 1619926366
2 373 1619926556
10 65 1619926763
12 64 1619927379
4 73 1619928064
2 303 1619928199
10 46 1619928680
14 3 1619928782
10 10 1619929125
13 76 1619929675
3 374 1619929716
4 40 1619930419
16 59 1619930485
11 20 1619930574
13 23 1619930750
13 167 1619930949
13 2 1619930998
14 167 1619931359
14 14 1619931437
13 168 1619931522
3 149 1619931702
9 58 1619931867
16 4 1619932270
2 375 1619932291
6 6 1619932295
14 42 1619932467
13 58 1619932503
17 46 1619932836
14 7 1619933058
14 2 1619933189
11 64 1619933356
13 125 1619933376
16 50 1619933416
2 376 1619933529
16 33 1619933564
2 377 1619933953
14 16 1619934372
13 302 1619934660
5 92 1619935026
16 42 1619935042
14 134 1619935089
9 50 1619935159
5 11 1619935403
12 14 1619935404
10 2 1619935428
2 378 1619935853
16 62 1619935902
2 379 1619936156
14 10 1619936419
13 65 1619936492
13 59 1619936722
13 57 1619936976
15 85 1619937395
16 76 1619937660
12 62 1619937805
5 331 1619937842
16 58 1619938025
14 57 1619938511
6 19 1619938749
16 10 1619938900
4 39 1619938907
7 19 1619938909
12 2 1619939015
11 14 1619939031
16 19 1619939764
14 65 1619939857
11 12 1619940426
12 58 1619940461
18 14 1619940549
8 264 1619941064
14 46 1619941101
16 264 1619941113
16 57 1619941460
4 15 1619941496
3 255 1619941551
16 54 1619941586
16 64 1619941736
2 380 1619941943
13 73 1619942541
14 58 1619942753
18 10 1619942941
13 33 1619942991
13 239 1619943220
2 381 1619943339
16 12 1619943459
3 71 1619943825
14 15 1619944157
14 59 1619944265
16 65 1619944360
5 235 1619944563
2 382 1619944602
18 15 1619945318
14 6 1619945438
18 50 1619945464
14 239 1619945656
5 248 1619946035
2 383 1619946174
16 95 1619946273
8 188 1619946295
16 46 1619946304
10 4 1619946487
16 6 1619946645
6 2 1619946673
2 384 1619946925
7 2 1619946937
18 62 1619946992
3 31 1619947166
2 385 1619947187
18 58 1619947255
16 14 1619947399
18 33 1619947883
7 10 1619948201
4 258 1619948298
2 386 1619948325
10 74 1619948396
11 2 1619948442
11 62 1619948457
13 39 1619948670
18 19 1619948836
6 46 1619949006
5 55 1619949195
14 39 1619949229
16 61 1619949262
6 10 1619949268
3 60 1619949712
7 46 1619949887
15 4 1619950069
5 310 1619950119
16 20 1619950155
5 56 1619950305
9 20 1619950395
2 387 1619950573
10 239 1619950858
18 65 1619950993
13 146 1619951218
5 145 1619951240
14 12 1619951249
14 74 1619951533
10 264 1619951631
11 58 1619952117
12 15 1619952179
11 25 1619952663
18 39 1619952815
16 188 1619952826
4 245 1619953033
7 6 1619953122
19 62 1619953435
14 33 1619953549
14 302 1619953678
18 59 1619953972
13 95 1619954468
16 239 1619954511
18 25 1619954714
18 46 1619954940
9 33 1619955107
19 50 1619955334
18 2 1619955395
11 15 1619955438
14 77 1619955647
6 188 1619955762
15 33 1619955940
16 154 1619956045
18 12 1619956192
12 57 1619956329
16 167 1619957109
7 188 1619957206
16 2 1619957241
9 203 1619957434
14 76 1619957671
2 388 1619957804
2 389 1619957916
18 239 1619958028
16 74 1619958105
12 188 1619958117
12 19 1619958322
18 3 1619958346
3 390 1619959103
18 300 1619959125
18 57 1619959136
8 239 1619959303
5 374 1619959312
16 39 1619959360
18 203 1619959527
3 199 1619959532
2 390 1619959534
12 4 1619959942
14 64 1619960059
2 391 1619960079
18 6 1619960497
9 232 1619960535
12 102 1619960736
11 19 1619960960
18 188 1619961070
11 102 1619961075
16 25 1619961252
8 12 1619961382
18 85 1619961673
11 57 1619961758
15 20 1619961793
6 58 1619961926
14 146 1619961936
16 255 1619962036
2 392 1619962148
18 74 1619962214
20 7 1619962335
13 365 1619962567
3 393 1619962571
12 6 1619962603
16 86 1619962683
5 390 1619962890
10 6 1619962899
2 394 1619963053
16 157 1619963497
3 310 1619963711
11 4 1619963743
2 395 1619963899
11 188 1619964269
13 193 1619964491
2 396 1619964870
2 397 1619964937
13 26 1619965079
15 95 1619965591
7 58 1619965660
18 64 1619965691
12 50 1619965692
2 398 1619965785
9 137 1619965930
16 145 1619966264
6 25 1619966503
18 4 1619966506
18 26 1619966647
7 25 1619966807
10 258 1619967033
13 184 1619967102
2 399 1619967354
18 20 1619967370
12 33 1619967440
9 19 1619967464
2 400 1619967730
11 6 1619967929
16 387 1619968231
13 94 1619968348
14 73 1619968793
8 58 1619968927
18 42 1619969162
2 401 1619969467
11 46 1619969610
12 46 1619969723
2 402 1619969822
2 403 1619969850
17 19 1619970200
11 33 1619970357
2 404 1619970399
18 264 1619970469
18 167 1619970517
18 95 1619970589
15 42 1619971739
2 405 1619971972
16 15 1619972134
15 10 1619972136
14 25 1619972153
14 26 1619972434
9 25 1619972491
2 406 1619972645
8 50 1619972689
13 20 1619973158
10 203 1619973409
18 73 1619973594
2 407 1619973685
13 54 1619974125
10 59 1619974566
14 20 1619974989
2 408 1619975681
4 49 1619976029
14 188 1619976345
15 46 1619976671
2 409 1619976837
10 42 1619976857
18 154 1619976900
16 92 1619976973
4 304 1619977070
8 61 1619977073
16 237 1619977109
15 62 1619977220
16 41 1619977362
2 410 1619977684
16 164 1619977773
2 411 1619978728
16 102 1619978804
18 365 1619978950
18 245 1619978982
2 412 1619979033
16 3 1619979413
2 413 1619979963
5 303 1619980119
2 414 1619980328
15 19 1619980352
2 415 1619980584
3 146 1619980593
17 62 1619980660
13 61 1619980694
2 416 1619980725
16 417 1619980940
18 72 1619981019
13 303 1619981306
14 61 1619981931
18 134 1619982167
2 418 1619982321
4 76 1619982354
13 154 1619982443
3 80 1619982857
5 149 1619982962
18 164 1619983107
19 2 1619983159
2 419 1619983750
15 50 1619984679
3 420 1619984693
12 145 1619984710
9 65 1619984717
2 421 1619984831
18 31 1619985119
21 264 1619985269
16 56 1619985387
13 387 1619985434
14 154 1619985497
18 41 1619985568
13 235 1619985583
12 85 1619985601
16 258 1619986185
14 184 1619986794
2 422 1619986815
18 193 1619986895
11 50 1619987215
14 41 1619987411
16 77 1619987605
2 423 1619987651
8 300 1619987701
19 19 1619987702
6 15 1619987705
18 184 1619987831
2 424 1619988341
21 10 1619988457
21 46 1619988965
15 39 1619988986
8 33 1619989145
18 328 1619989309
8 19 1619989316
8 39 1619989340
13 304 1619989593
20 62 1619989866
4 214 1619989935
15 58 1619989980
7 15 1619990009
18 253 1619990016
12 264 1619990227
15 64 1619990519
5 72 1619990599
10 167 1619990880
9 102 1619990964
13 264 1619991016
16 134 1619991083
2 425 1619991305
16 365 1619991388
21 203 1619991866
22 3 1619992285
2 426 1619992548
13 318 1619992650
2 427 1619992759
21 14 1619992904
18 258 1619993150
3 11 1619993305
5 304 1619993426
13 102 1619993471
9 4 1619993496
17 12 1619993497
10 39 1619993626
18 76 1619993903
2 428 1619994059
15 6 1619994216
11 85 1619994275
18 199 1619994418
14 318 1619994732
15 188 1619994743
16 232 1619994767
14 387 1619994846
17 3 1619995127
21 19 1619995152
8 95 1619995167
5 125 1619995918
16 7 1619996087
18 55 1619996093
18 40 1619996422
9 167 1619996478
19 188 1619996604
2 429 1619996672
12 42 1619996941
13 85 1619997035
2 430 1619997216
2 431 1619997244
11 264 1619997529
3 432 1619997684
19 3 1619997722
8 15 1619997784
2 432 1619998089
2 433 1619998093
15 167 1619998134
14 168 1619998473
10 33 1619998500
2 434 1619998641
18 7 1619998815
21 12 1619998987
18 77 1619999001
11 145 1619999027
15 12 1619999078
12 59 1619999122
11 42 1619999189
16 199 1619999532
3 43 1619999574
15 25 1619999738
