2 2 1622219823713
2 3 1622219825445
2 4 1622219825469
2 5 1622219825668
2 6 1622219825717
2 7 1622219826931
2 8 1622219827746
2 9 1622219829449
2 10 1622219829741
2 11 1622219832945
2 12 1622219834470
2 13 1622219835669
2 14 1622219835841
2 15 1622219836819
2 16 1622219837419
2 17 1622219837930
2 18 1622219838801
2 19 1622219843311
2 20 1622219843396
2 21 1622219844871
2 22 1622219846356
2 23 1622219846544
2 24 1622219846623
2 25 1622219851869
2 26 1622219852123
2 27 1622219857330
2 28 1622219858715
2 32 1622219859100
2 33 1622219860443
2 37 1622219861652
2 38 1622219862054
2 43 1622219862372
2 44 1622219862651
2 45 1622219865236
2 46 1622219865940
2 48 1622219867779
2 59 1622219868093
2 49 1622219869239
2 50 1622219874745
2 39 1622219874827
2 40 1622219875403
2 51 1622219875605
2 52 1622219882851
2 34 1622219883057
2 35 1622219883535
2 62 1622219887907
2 47 1622219887977
2 63 1622219888768
2 64 1622219890215
2 60 1622219894034
2 61 1622219896141
2 65 1622219896775
2 36 1622219900315
2 53 1622219900532
2 41 1622219905134
2 42 1622219905576
2 66 1622219907622
2 29 1622219908856
2 30 1622219909873
2 31 1622219910523
2 54 1622219915294
2 55 1622219915538
2 56 1622219915867
2 57 1622219916334
2 58 1622219916808
2 67 1622219917906
2 68 1622219918505
2 69 1622219925573
2 70 1622219930468
2 71 1622219930688
2 72 1622219933824
2 73 1622219933970
2 74 1622219937732
2 75 1622219938022
2 76 1622219938278
2 77 1622219939742
2 78 1622219939983
2 79 1622219945683
2 80 1622219960609
2 81 1622219967241
2 82 1622219969687
2 83 1622219971470
2 84 1622219971869
2 85 1622219977526
2 86 1622219989096
2 87 1622219990223
2 88 1622219997098
2 89 1622220004684
2 90 1622220006142
2 91 1622220007477
2 92 1622220014526
2 93 1622220018662
2 94 1622220022606
2 98 1622220032171
2 99 1622220033928
2 104 1622220034027
2 105 1622220034339
2 106 1622220040804
2 95 1622220040909
2 96 1622220042404
2 97 1622220043452
2 107 1622220052045
2 114 1622220059536
2 115 1622220060316
2 116 1622220071331
2 117 1622220072653
2 108 1622220075151
2 109 1622220075673
2 110 1622220077068
2 118 1622220083713
2 119 1622220084658
2 120 1622220092748
2 121 1622220093234
2 122 1622220094948
2 123 1622220102403
2 124 1622220113695
2 125 1622220116297
2 126 1622220124175
2 127 1622220124647
2 100 1622220124983
2 101 1622220128517
2 102 1622220137707
2 103 1622220138277
2 111 1622220147150
2 128 1622220147311
2 112 1622220147405
2 113 1622220147894
2 129 1622220169980
2 130 1622220170464
2 131 1622220170808
2 132 1622220173217
2 133 1622220173860
2 134 1622220184915
2 135 1622220193234
2 136 1622220194510
2 137 1622220203820
2 138 1622220205084
2 139 1622220214492
2 140 1622220222598
2 141 1622220233303
2 142 1622220235014
2 143 1622220248127
2 144 1622220270295
2 145 1622220270435
2 146 1622220322976
2 147 1622220324348
2 160 1622220332849
2 169 1622220348225
2 148 1622220349473
2 170 1622220351550
2 149 1622220362343
2 150 1622220362659
2 151 1622220363637
2 152 1622220374829
2 161 1622220392555
2 162 1622220394164
2 163 1622220396860
2 164 1622220398293
2 165 1622220403285
2 166 1622220406722
2 171 1622220426537
2 177 1622220441367
2 178 1622220441638
2 179 1622220443517
2 172 1622220445202
2 180 1622220479315
2 153 1622220497260
2 182 1622220553836
2 173 1622220582363
2 183 1622220595728
2 167 1622220613275
2 168 1622220613513
2 184 1622220631880
2 154 1622220643496
2 188 1622220652523
2 155 1622220675975
2 185 1622220678239
2 174 1622220690434
2 175 1622220693935
2 181 1622220713896
2 190 1622220716152
2 191 1622220717310
2 189 1622220742216
2 156 1622220742288
2 157 1622220764402
2 192 1622220788828
2 186 1622220839664
2 176 1622220854879
2 158 1622220864092
2 159 1622220866176
2 187 1622220874974
2 193 1622220914687
2 194 1622220915310
2 195 1622220919329
3 185 1622220927552
2 196 1622220956248
2 197 1622220958252
2 198 1622220959532
2 199 1622220986700
2 200 1622220996915
2 201 1622221038448
2 202 1622221095786
2 203 1622221121629
2 204 1622221150559
2 205 1622221212035
2 206 1622221260275
2 207 1622221288237
2 208 1622221299284
2 209 1622221314262
2 210 1622221328039
3 42 1622221376490
2 211 1622221399411
2 212 1622221421823
2 213 1622221430832
2 214 1622221438935
2 215 1622221464320
2 217 1622221493439
2 218 1622221525943
2 216 1622221533493
2 219 1622221573639
2 220 1622221632047
2 221 1622221704338
2 222 1622221767549
2 223 1622221795931
2 224 1622221936640
2 225 1622221992565
2 226 1622222044642
2 227 1622222098352
2 228 1622222170138
2 229 1622222345165
2 230 1622222439169
2 231 1622222439203
2 232 1622222460409
2 233 1622222473481
2 234 1622222501706
2 235 1622222776674
2 236 1622222827168
2 237 1622222952359
2 238 1622222952395
2 239 1622222952607
2 240 1622223001855
2 241 1622223010806
2 242 1622223086828
2 243 1622223113894
2 244 1622223129227
2 245 1622223152793
2 246 1622223153952
2 247 1622223209966
2 248 1622223267952
2 249 1622223274095
2 250 1622223286379
2 251 1622223298664
2 252 1622223321780
2 255 1622223366906
2 253 1622223421851
2 256 1622223433363
2 254 1622223459988
2 257 1622223479698
2 258 1622223505181
2 259 1622223508186
2 260 1622223546249
2 261 1622223549000
2 262 1622223600071
2 263 1622223612468
2 264 1622223696847
2 265 1622223773963
3 123 1622223837826
2 266 1622223861407
2 267 1622223874462
2 268 1622223939348
2 269 1622224001808
2 270 1622224010996
2 271 1622224047846
2 272 1622224112138
2 273 1622224141218
2 274 1622224166567
2 275 1622224180644
2 276 1622224255579
2 277 1622224309623
2 278 1622224339044
2 279 1622224460540
2 280 1622224462744
2 281 1622224468336
2 282 1622224499037
2 287 1622224654058
2 291 1622224660520
2 299 1622224910917
2 300 1622224954639
2 305 1622224970650
2 306 1622224993635
2 307 1622225021365
2 313 1622225048508
3 71 1622225048931
2 283 1622225049050
2 292 1622225176453
2 301 1622225195907
2 308 1622225263493
2 293 1622225294207
2 314 1622225369977
2 315 1622225377436
2 309 1622225398209
2 302 1622225467882
2 294 1622225476279
2 317 1622225746178
2 295 1622225780529
5 297 1622225852506
2 296 1622225879678
2 322 1622225935391
2 325 1622225981369
6 77 1622226041402
2 297 1622226060616
2 318 1622226159685
2 316 1622226200129
2 303 1622226287016
2 319 1622226399466
2 326 1622226420243
2 327 1622226569311
2 288 1622226651921
2 320 1622226782459
2 289 1622226983340
2 328 1622227011177
2 304 1622227332589
2 298 1622227332724
4 290 1622227482403
2 321 1622227632526
2 284 1622227693160
2 285 1622227695502
2 286 1622227697175
2 310 1622227746796
3 24 1622227927715
2 311 1622227956706
2 323 1622227992540
2 324 1622228163918
3 25 1622228597710
2 312 1622228607938
2 329 1622228665145
2 330 1622228966587
7 108 1622229053068
3 290 1622229639801
2 331 1622229700419
2 332 1622229706888
2 333 1622229776039
2 334 1622229785465
2 335 1622229862784
2 336 1622229906344
3 193 1622229906455
2 337 1622229997613
2 338 1622230045746
2 339 1622230114416
2 340 1622230226826
2 290 1622230226867
2 341 1622230240307
6 42 1622230256470
7 225 1622230305226
2 342 1622230341754
8 290 1622230371799
4 225 1622230461044
2 344 1622230533742
2 343 1622230534929
3 111 1622230611628
2 345 1622230754700
2 346 1622230781669
2 347 1622230863636
2 348 1622230893145
2 349 1622231015999
2 350 1622231258551
2 351 1622231258659
9 24 1622231354863
2 352 1622231391966
2 354 1622231461997
2 355 1622231542529
2 353 1622231687761
2 356 1622231719431
2 357 1622231745709
7 297 1622231978515
2 358 1622232041745
3 286 1622232234871
2 359 1622232346092
2 360 1622232437555
2 361 1622232447079
2 362 1622232479782
3 69 1622232952157
2 363 1622233010081
2 364 1622233031842
9 156 1622233056578
2 365 1622233256911
3 220 1622233278824
8 42 1622233304339
2 366 1622233420834
10 185 1622233462581
2 367 1622233766832
2 369 1622233787140
2 370 1622233823362
2 371 1622233952350
9 372 1622234005572
2 373 1622234267581
2 368 1622234337614
2 374 1622234373840
2 375 1622234438012
3 17 1622234598119
2 376 1622235455821
2 377 1622236022317
11 225 1622236419585
9 123 1622236421294
2 378 1622236524023
3 379 1622236573449
12 225 1622236887725
2 380 1622236889629
6 290 1622236891421
3 319 1622236902651
2 381 1622236946309
13 185 1622237049619
2 382 1622237058641
9 62 1622237062147
2 383 1622237235871
2 384 1622237345529
3 10 1622237378105
2 379 1622237733577
2 385 1622237752102
14 108 1622238019958
10 59 1622238165578
2 386 1622238265416
2 387 1622238296445
2 388 1622238471974
7 372 1622238648509
3 389 1622238813408
8 24 1622238875998
2 389 1622238881250
2 390 1622238898882
2 391 1622238913646
2 392 1622238920169
2 393 1622238946814
10 79 1622239131885
2 394 1622239249873
2 395 1622239323523
5 185 1622239547285
2 396 1622239613663
6 225 1622239643231
6 119 1622239721963
2 397 1622239923150
2 398 1622240088673
2 399 1622240360619
2 400 1622240423997
5 42 1622240515200
2 401 1622240676542
6 319 1622240692843
6 185 1622240817746
2 402 1622240874210
2 403 1622240924827
10 2 1622241058199
2 404 1622241113472
3 225 1622241135334
2 405 1622241307577
7 123 1622241546676
2 406 1622241591323
2 407 1622241800389
2 408 1622241824938
2 409 1622241962911
2 410 1622242109326
2 411 1622242403981
15 314 1622242459010
14 290 1622242516356
2 412 1622242564404
2 413 1622242641271
2 414 1622242650742
16 367 1622242936315
3 415 1622243034649
2 416 1622243047604
2 415 1622243180397
2 417 1622243277271
2 418 1622243396617
2 419 1622243543740
3 108 1622243568060
2 420 1622244115209
15 383 1622244193914
5 131 1622244433577
2 421 1622244533002
2 422 1622244572803
2 423 1622244641525
6 108 1622244707804
5 220 1622244727427
2 424 1622245026821
3 267 1622245225230
2 425 1622245306452
7 148 1622245351540
2 426 1622245556871
2 427 1622245787693
2 428 1622245854099
2 429 1622246007239
2 430 1622246088810
9 55 1622246113660
2 431 1622246123836
2 432 1622246342812
2 433 1622246517113
2 434 1622246591618
2 435 1622246989900
2 436 1622247204913
3 437 1622247272716
2 438 1622247313598
2 439 1622247369803
9 4 1622247445663
2 440 1622247640191
3 368 1622247796776
2 441 1622247824069
2 442 1622247903164
2 443 1622248287636
2 444 1622248426075
9 239 1622248532029
2 445 1622248543715
2 446 1622248578733
2 447 1622248697088
2 448 1622248730729
3 449 1622248755151
2 450 1622248893355
2 451 1622248909065
14 225 1622248923788
5 158 1622248983467
2 452 1622249012091
2 453 1622249144411
2 454 1622249306682
10 110 1622249627066
2 455 1622249644114
3 77 1622249776923
2 456 1622250006079
3 31 1622250078614
6 71 1622250129970
2 457 1622250167561
2 458 1622250240146
2 459 1622250438193
2 460 1622250626644
2 449 1622250678196
2 461 1622250795456
2 462 1622251152919
2 463 1622251427965
2 464 1622251634007
8 465 1622251650905
2 466 1622252057410
10 183 1622252208698
2 467 1622252302062
6 79 1622252914210
2 468 1622253108425
2 469 1622253134646
2 470 1622253166200
2 471 1622253283199
2 472 1622253348293
2 473 1622253412657
6 25 1622253561324
2 474 1622253855147
3 55 1622253902582
2 475 1622254110252
2 476 1622254335634
2 477 1622254490147
2 478 1622254595267
6 158 1622254765906
2 479 1622254818303
2 480 1622254846607
2 481 1622254919726
3 64 1622254986159
2 482 1622255003989
3 78 1622255320314
2 483 1622255353188
5 86 1622255478444
2 484 1622255685011
2 485 1622255816606
2 486 1622255831769
9 147 1622255937394
2 487 1622256262395
2 488 1622256364606
2 489 1622256413170
3 7 1622256457151
8 437 1622256464491
2 490 1622256541465
2 491 1622256547576
3 128 1622256625333
2 492 1622256693452
2 493 1622256876148
2 494 1622256937344
2 495 1622256970805
2 496 1622257009853
6 7 1622257146121
2 497 1622257213746
6 17 1622257279442
15 225 1622257544311
2 498 1622257576542
2 499 1622257579804
2 500 1622257700009
8 185 1622257701741
9 41 1622257709447
2 501 1622257807516
2 502 1622257868566
2 503 1622258010017
2 504 1622258061820
5 465 1622258123993
2 505 1622258173832
2 506 1622258211524
2 507 1622258302543
13 368 1622258513232
2 508 1622258848282
6 193 1622259350572
2 509 1622259452383
2 510 1622259456038
9 71 1622259578524
2 511 1622259583553
12 108 1622259624918
9 458 1622259709546
2 512 1622259808738
2 513 1622259831403
2 515 1622260009869
2 516 1622260034085
2 517 1622260127521
6 24 1622260728339
2 518 1622260812080
3 519 1622261008765
3 336 1622261201181
2 520 1622261208367
2 521 1622261549049
2 522 1622261948727
10 128 1622262026986
2 523 1622262142575
2 524 1622262438152
2 525 1622262620011
2 526 1622262633982
14 2 1622262718661
6 527 1622262766936
2 528 1622262780925
2 529 1622263062827
2 530 1622263184195
2 531 1622263432431
3 532 1622264018578
3 433 1622264047842
2 533 1622264065283
2 534 1622264092326
2 532 1622264433917
3 514 1622264472806
2 535 1622264686077
9 185 1622264983655
2 536 1622265007277
2 537 1622265012384
2 538 1622265169147
2 539 1622265276527
2 540 1622265456247
13 24 1622265665619
16 94 1622265851455
9 133 1622265875801
3 541 1622265908464
10 24 1622266276382
2 542 1622266605408
2 541 1622266681578
2 543 1622266903092
2 544 1622266941707
2 545 1622267202042
2 546 1622267240663
17 25 1622267271697
2 547 1622267328632
2 548 1622268175598
2 549 1622268302441
2 550 1622268412974
2 551 1622269002518
2 552 1622269059109
2 553 1622269235890
5 527 1622269516853
5 71 1622269564176
6 133 1622269805660
2 554 1622269811379
2 555 1622270058166
2 556 1622270227733
3 65 1622270571988
3 192 1622270598408
2 557 1622270942447
2 558 1622271280315
2 559 1622271316676
15 64 1622272042290
2 560 1622272105280
14 24 1622272147013
9 527 1622272300744
2 561 1622272357354
8 286 1622272695600
2 562 1622273026648
2 563 1622274538722
2 564 1622274703614
12 185 1622274849744
5 78 1622274961058
6 128 1622275088737
3 150 1622275140561
12 2 1622275172067
7 514 1622275217291
2 565 1622275239219
6 479 1622275365089
2 566 1622275782662
2 567 1622275907019
17 108 1622276475910
8 192 1622276479226
2 568 1622276514256
2 569 1622277451434
2 570 1622278134924
9 128 1622278190294
2 571 1622278287561
9 18 1622278355431
2 572 1622278785554
12 290 1622278881557
17 185 1622278954896
2 573 1622279133017
3 574 1622279226980
2 575 1622279238554
2 576 1622279273906
3 577 1622279320527
3 87 1622279385028
9 302 1622279710941
2 578 1622279737993
15 185 1622280379788
8 123 1622280388076
3 510 1622280432334
2 579 1622280529148
2 580 1622280917232
2 581 1622280930255
2 582 1622281015685
2 583 1622281035278
2 584 1622281170328
2 585 1622281732109
2 586 1622281816135
2 587 1622282050897
18 290 1622282335497
7 71 1622282369838
2 588 1622282512527
2 589 1622282609413
9 85 1622282912748
7 64 1622283169083
9 577 1622283212866
3 580 1622283993301
9 290 1622284037324
3 590 1622284220891
2 591 1622284602088
2 592 1622284749999
19 24 1622284824648
6 566 1622285017570
9 108 1622285162828
3 14 1622285351385
7 79 1622285683993
2 593 1622285850543
4 185 1622285950123
2 594 1622285973062
2 595 1622286167593
3 572 1622286359489
5 25 1622286819449
3 18 1622286874465
2 596 1622286983428
5 193 1622287002342
20 94 1622287077285
3 94 1622287342902
6 5 1622287438872
3 85 1622287453572
2 597 1622287534088
10 77 1622287808933
2 598 1622287822775
2 599 1622288007469
10 133 1622288056160
6 94 1622288131263
2 600 1622288289259
10 306 1622288337858
2 601 1622288910193
2 602 1622288952873
6 123 1622289476525
2 603 1622289511508
6 59 1622289811342
2 604 1622289881847
9 379 1622290049328
10 42 1622290209685
2 605 1622290533297
2 606 1622290859756
2 607 1622291256113
2 574 1622291335767
6 2 1622291481941
2 608 1622291879319
9 87 1622292092259
3 609 1622292156398
2 609 1622292236072
4 39 1622292399378
2 610 1622292420231
6 415 1622292684607
15 465 1622292691896
9 31 1622292935064
9 65 1622293415237
5 314 1622293462554
2 611 1622293523099
9 59 1622293593396
3 527 1622293870472
2 612 1622294035500
2 613 1622294326371
2 614 1622294613636
2 615 1622294813016
2 616 1622294997847
2 617 1622295088525
2 618 1622295276859
2 619 1622295317763
2 620 1622295330602
21 185 1622295350332
2 621 1622295355165
2 622 1622295471926
2 623 1622295506004
10 383 1622295637626
2 624 1622295876287
2 625 1622296007186
5 123 1622296028899
10 25 1622296099476
2 626 1622296154420
2 527 1622296348348
9 627 1622296357131
6 623 1622296506481
16 185 1622296595973
2 628 1622296712010
2 629 1622296866751
2 630 1622297041849
5 79 1622297511783
9 246 1622297697684
2 631 1622298249285
2 632 1622298284665
3 119 1622298370189
13 123 1622298453700
10 64 1622298896921
9 188 1622299330908
2 633 1622299788275
10 39 1622299862376
10 193 1622300173379
2 634 1622300249899
2 636 1622300364888
10 297 1622300540948
5 64 1622300667799
2 637 1622300827262
2 638 1622301132984
9 306 1622301544755
9 148 1622301728741
2 639 1622301971538
2 590 1622302135675
2 640 1622302212813
2 641 1622302524575
9 88 1622302756274
2 642 1622302759071
15 193 1622302789156
2 643 1622302837562
2 644 1622303240207
2 645 1622303884492
7 42 1622304334663
9 646 1622304630036
2 635 1622305291199
2 647 1622305341864
2 648 1622305397186
4 2 1622305551662
9 19 1622305865274
3 2 1622305985405
5 2 1622306374138
8 64 1622306787479
2 649 1622306877391
14 119 1622307049089
9 193 1622307150805
2 650 1622307789476
2 651 1622307802955
2 652 1622307925268
2 653 1622307983112
10 532 1622308059791
15 123 1622308301406
2 654 1622308344310
9 532 1622308429959
2 655 1622308439423
3 125 1622308455321
12 24 1622308519886
5 77 1622308636547
2 656 1622308661532
3 223 1622308719872
13 192 1622308906263
6 131 1622308911577
16 225 1622308975747
10 290 1622308991081
2 657 1622309011485
2 658 1622309149412
2 659 1622309247398
14 185 1622309657969
11 108 1622310434717
8 78 1622310486981
2 660 1622310604933
2 661 1622311013309
2 662 1622311672991
21 465 1622311919085
12 7 1622312228093
2 663 1622312330932
3 554 1622312388467
5 59 1622312468516
19 64 1622312613280
2 664 1622313227925
2 665 1622313325471
9 114 1622313641407
13 286 1622313686189
2 668 1622313873071
22 372 1622314300249
12 297 1622314516677
2 669 1622314708439
7 185 1622315142147
23 123 1622315415629
14 193 1622315687339
10 71 1622315719393
20 25 1622315731834
15 306 1622315972615
3 638 1622316225676
6 64 1622316555885
9 670 1622316828187
7 2 1622316882619
7 290 1622317280563
6 306 1622317926434
2 671 1622318011135
3 147 1622318091975
4 297 1622318730030
2 672 1622318794846
3 117 1622318869362
22 185 1622319152206
2 673 1622319235578
5 55 1622319296517
2 674 1622319479098
3 675 1622319498134
3 288 1622320257065
2 666 1622320524179
13 25 1622320556076
3 59 1622320637270
2 676 1622320825092
9 79 1622320884475
3 131 1622321259454
4 24 1622321449663
9 42 1622321898201
3 297 1622322097062
2 519 1622322233669
8 25 1622322385008
3 677 1622322672915
5 147 1622322823950
7 78 1622323087711
2 678 1622323177820
24 147 1622323295521
2 679 1622323301774
22 64 1622324083252
2 577 1622324115419
6 286 1622324128580
2 680 1622324373997
3 631 1622324434959
9 39 1622324579058
6 297 1622324641578
16 64 1622324987006
15 108 1622325071625
16 78 1622326888176
5 470 1622327206130
5 667 1622327357479
5 125 1622327376930
18 2 1622327700779
9 125 1622327728467
2 667 1622327751973
16 193 1622328041712
5 224 1622328131864
2 681 1622328316581
9 319 1622328595576
16 25 1622328691192
2 682 1622328896767
2 683 1622330009401
2 684 1622330686029
14 204 1622331004290
7 243 1622331004732
2 685 1622331773533
2 686 1622331977963
10 125 1622332411723
3 681 1622332453591
2 687 1622332462065
19 123 1622333008685
6 110 1622333073679
2 437 1622333677073
3 528 1622333772819
3 688 1622334054895
22 290 1622334676953
20 123 1622335388792
2 689 1622335683582
15 183 1622335894604
6 389 1622336273137
5 286 1622336532646
12 193 1622336744175
2 690 1622336764235
2 691 1622337025692
19 108 1622338155768
10 119 1622338554077
10 123 1622338942653
15 86 1622339653807
6 183 1622339682054
9 119 1622340816426
8 71 1622341349343
6 686 1622341709069
6 528 1622341775592
2 692 1622342982033
19 372 1622343437430
2 372 1622343750511
10 108 1622344206721
2 693 1622344424806
2 694 1622344829453
2 514 1622345001527
3 443 1622346421067
2 695 1622346896375
2 465 1622348682489
2 696 1622349352771
10 623 1622351232965
2 697 1622352034088
14 42 1622352041305
6 461 1622354900135
16 77 1622355048511
2 698 1622355234784
19 78 1622355473542
9 64 1622355615953
15 78 1622355934222
4 7 1622357474039
17 286 1622358032448
2 699 1622359686033
17 78 1622360112840
2 700 1622360232754
2 701 1622360266197
2 702 1622360319984
2 703 1622360333519
2 704 1622360607148
17 24 1622360668567
5 24 1622360884227
2 705 1622361109225
2 706 1622361347211
3 39 1622362509081
6 242 1622362653343
2 707 1622362784780
14 623 1622362933546
10 451 1622363256714
10 17 1622363397919
17 64 1622363669866
2 708 1622364059916
17 123 1622366555309
3 451 1622367159517
9 609 1622367268331
6 376 1622367806130
10 65 1622367929393
6 709 1622368081246
2 710 1622368112626
2 709 1622368140997
17 71 1622368271030
17 532 1622369916543
16 147 1622370118014
9 27 1622370743394
5 108 1622373211919
9 297 1622373471764
5 39 1622373814292
19 185 1622373975684
14 297 1622374851235
13 108 1622374990096
7 65 1622375175584
2 711 1622375974816
19 25 1622376101034
2 712 1622376327734
6 150 1622377190299
7 17 1622377382486
10 242 1622377731440
17 79 1622377981524
2 713 1622378152738
3 511 1622378174573
3 404 1622378275956
3 571 1622378286048
2 714 1622378555751
8 94 1622378866247
2 715 1622378957242
2 716 1622379075343
12 79 1622379165010
2 717 1622379491453
13 94 1622379676576
2 718 1622379774626
8 389 1622380209168
14 94 1622380670252
9 25 1622380856531
25 94 1622381191289
6 195 1622381445426
15 389 1622381768066
2 719 1622382189294
5 17 1622382430809
12 623 1622383193119
9 94 1622383211547
7 25 1622383410183
16 123 1622383567644
6 532 1622383782502
9 528 1622384024465
15 147 1622384054308
6 192 1622384433223
2 720 1622384519820
6 715 1622385165230
5 128 1622385684817
11 25 1622386798449
6 284 1622386817214
4 193 1622386871615
4 94 1622389023891
7 94 1622389034563
11 94 1622389040442
23 94 1622389049522
17 94 1622389061535
10 94 1622389066457
22 94 1622389077558
18 94 1622389098462
5 94 1622389099661
12 94 1622389112466
17 609 1622389296949
9 110 1622389815883
22 133 1622389960752
3 79 1622389973952
9 17 1622390335317
11 17 1622390445320
2 721 1622390808432
6 65 1622391092232
21 108 1622391443807
22 24 1622391664495
15 94 1622391735891
20 185 1622391824024
8 131 1622391857362
13 64 1622392616422
